6.0 0.0 3 
12.0 16.0 5 
28.0 23.0 11 
49.0 258.0 23 
-27.0 951.0 29 
74.0 569.0 42 
82.0 1436.0 59 
30.0 3534.0 67 
-114.0 3336.0 76 
431.0 3579.0 81 
764.0 4536.0 85 
-942.0 8914.0 90 
2347.0 4170.0 92 
-2899.0 7041.0 94 
742.0 1526.0 97 
1677.0 5804.0 100 
-482.0 11079.0 115 
208.0 3313.0 123 
551.0 7591.0 133 
-95.0 10487.0 147 
-445.0 16785.0 151 
-383.0 21126.0 161 
3221.0 13039.0 165 
-2421.0 29153.0 169 
1328.0 11314.0 176 
1878.0 17441.0 179 
-5750.0 23570.0 181 
-652.0 11260.0 191 
911.0 7339.0 200 
2796.0 15562.0 203 
-704.0 20341.0 209 
184.0 15268.0 211 
139.0 10297.0 220 
-481.0 14152.0 235 
-58.0 5254.0 239 
80.0 7245.0 249 
556.0 5757.0 261 
392.0 19133.0 263 
3868.0 13017.0 267 
3407.0 30326.0 269 
-6291.0 47572.0 272 
-183.0 21362.0 302 
-40.0 15264.0 313 
396.0 20059.0 321 
1583.0 17084.0 328 
1820.0 21272.0 333 
2014.0 31576.0 338 
2154.0 30659.0 343 
-9649.0 43315.0 346 
11007.0 16169.0 348 
-5150.0 35076.0 352 
1842.0 14667.0 358 
-5629.0 32237.0 360 
-312.0 21648.0 377 
586.0 24007.0 383 
1457.0 23202.0 391 
-492.0 35370.0 394 
1523.0 32419.0 396 
1075.0 36756.0 405 
-574.0 42312.0 411 
-1459.0 34063.0 420 
-571.0 30522.0 427 
1594.0 27294.0 434 
4414.0 18158.0 439 
-1993.0 45659.0 446 
709.0 21907.0 450 
-7393.0 28470.0 452 
40.0 14234.0 464 
-1041.0 26296.0 466 
603.0 14432.0 479 
1671.0 19444.0 487 
-7454.0 45022.0 490 
1194.0 24095.0 497 
784.0 19309.0 504 
-473.0 30792.0 508 
2465.0 20860.0 514 
-2083.0 44389.0 524 
-2513.0 43643.0 530 
959.0 27973.0 533 
-968.0 38072.0 536 
-1601.0 30574.0 542 
5367.0 28960.0 544 
-96.0 31061.0 549 
-313.0 40843.0 577 
1658.0 29931.0 583 
-1059.0 39762.0 593 
10816.0 11718.0 595 
-4576.0 36341.0 599 
382.0 28489.0 602 
-2577.0 23211.0 607 
324.0 16104.0 611 
-115.0 14009.0 623 
1029.0 8234.0 629 
5298.0 25117.0 632 
-6952.0 32543.0 634 
-5290.0 21290.0 637 
1478.0 5188.0 644 
3365.0 15500.0 647 
-1866.0 26341.0 651 
-1364.0 18540.0 653 
84.0 10187.0 664 
-435.0 12860.0 676 
262.0 10369.0 682 
317.0 7292.0 690 
-429.0 13224.0 695 
946.0 15038.0 702 
-601.0 19679.0 708 
1579.0 9934.0 710 
-853.0 12309.0 721 
-44.0 4552.0 733 
-43.0 3223.0 750 
-11.0 1723.0 768 
82.0 1047.0 785 
-36.0 2814.0 808 
-92.0 1581.0 824 
-18.0 136.0 829 
-31.0 65.0 831 
0.0 4.0 833 
7.0 -18.0 842 
11.0 114.0 845 
66.0 133.0 861 
38.0 1472.0 874 
28.0 1290.0 911 
17.0 3376.0 931 
98.0 2999.0 975 
68.0 7776.0 1046 
-99.0 13714.0 1066 
411.0 7531.0 1081 
-315.0 17412.0 1104 
-6.0 13263.0 1146 
-299.0 8296.0 1157 
109.0 5981.0 1172 
485.0 11904.0 1183 
-19.0 16385.0 1262 
2989.0 18019.0 1269 
-1250.0 35297.0 1282 
-1223.0 26967.0 1285 
1219.0 33579.0 1293 
3586.0 21781.0 1299 
-2505.0 40529.0 1303 
-4248.0 33084.0 1308 
268.0 15636.0 1315 
-291.0 16188.0 1325 
3392.0 12399.0 1332 
-901.0 44724.0 1340 
-1283.0 38639.0 1349 
3201.0 29154.0 1352 
-930.0 42359.0 1358 
-5292.0 47481.0 1363 
-5.0 22151.0 1389 
-816.0 34375.0 1395 
-2053.0 42987.0 1402 
3520.0 20148.0 1406 
591.0 28454.0 1409 
-901.0 26071.0 1413 
-372.0 19802.0 1420 
-242.0 15683.0 1428 
-233.0 15570.0 1468 
-206.0 8095.0 1494 
-139.0 1630.0 1498 
209.0 1672.0 1505 
-97.0 2355.0 1512 
421.0 2626.0 1522 
-17.0 5948.0 1559 
11.0 7665.0 1571 
-190.0 6703.0 1600 
-8.0 1479.0 1610 
-128.0 1058.0 1615 
-35.0 578.0 1631 
-6.0 19.0 1633 
0.0 -1.0 1681 
-10.0 21.0 1683 
22.0 -4.0 1685 
10.0 39.0 1687 
29.0 57.0 1689 
27.0 125.0 1705 
68.0 507.0 1710 
61.0 721.0 1729 
101.0 2457.0 1744 
-69.0 3991.0 1747 
607.0 3774.0 1749 
107.0 4909.0 1753 
128.0 5102.0 1760 
-130.0 7080.0 1766 
813.0 5850.0 1770 
120.0 9545.0 1984 
33.0 34306.0 2105 
5310.0 18605.0 2107 
2748.0 30921.0 2109 
-892.0 44750.0 2122 
15486.0 15025.0 2124 
-7508.0 47485.0 2127 
7668.0 12573.0 2130 
-3231.0 46856.0 2134 
2114.0 33160.0 2140 
-295.0 41849.0 2150 
-1363.0 43618.0 2160 
2907.0 26917.0 2166 
-307.0 41522.0 2186 
-353.0 13258.0 2218 
-109.0 2467.0 2232 
-20.0 1205.0 2256 
153.0 728.0 2272 
127.0 2872.0 2294 
707.0 5340.0 2311 
1569.0 16493.0 2317 
-1307.0 30163.0 2319 
-4538.0 27231.0 2323 
-157.0 10741.0 2329 
213.0 9458.0 2341 
579.0 15566.0 2343 
-3068.0 24287.0 2345 
-2561.0 18226.0 2348 
2406.0 3882.0 2351 
-306.0 12009.0 2353 
1302.0 8960.0 2358 
-5467.0 20415.0 2360 
-147.0 16783.0 2365 
776.0 8337.0 2368 
6567.0 10179.0 2370 
-925.0 16503.0 2372 
-4635.0 22321.0 2375 
380.0 3166.0 2379 
5914.0 7591.0 2381 
-702.0 19426.0 2390 
1247.0 8420.0 2393 
3228.0 8282.0 2395 
-1584.0 18056.0 2400 
5216.0 7027.0 2402 
-452.0 17047.0 2419 
575.0 6141.0 2424 
-633.0 8666.0 2430 
760.0 2436.0 2432 
-84.0 5327.0 2453 
-54.0 3120.0 2476 
-84.0 1191.0 2487 
-25.0 305.0 2497 
-15.0 80.0 2502 
-7.0 7.0 2503 
0.0 -1.0 2526 
-12.0 12.0 2527 
30.0 -1.0 2529 
-15.0 91.0 2532 
186.0 0.0 2533 
38.0 146.0 2555 
86.0 839.0 2588 
142.0 4457.0 2773 
6340.0 7255.0 2775 
-6540.0 19787.0 2777 
7253.0 5018.0 2780 
-2101.0 35447.0 2784 
2146.0 26759.0 2789 
-8631.0 32614.0 2792 
13538.0 6867.0 2794 
-684.0 36697.0 2803 
5968.0 18156.0 2805 
-9303.0 31820.0 2807 
12115.0 19326.0 2809 
-963.0 41929.0 2821 
5480.0 13858.0 2825 
-1096.0 40959.0 2833 
-4424.0 18554.0 2835 
289.0 9347.0 2866 
-2114.0 49579.0 2875 
4893.0 12289.0 2877 
5144.0 18350.0 2879 
-5155.0 41629.0 2883 
-3152.0 21262.0 2885 
5145.0 5120.0 2889 
-2812.0 37015.0 2891 
-6856.0 24536.0 2893 
9854.0 7472.0 2896 
-1165.0 47320.0 2906 
4783.0 19615.0 2909 
-1911.0 45498.0 2914 
-3926.0 34389.0 2916 
13710.0 14716.0 2918 
-15480.0 41915.0 2920 
226.0 13477.0 2936 
2854.0 10367.0 2944 
-14184.0 43600.0 2946 
-788.0 25584.0 2948 
3391.0 14502.0 2953 
-2598.0 45096.0 2957 
-4216.0 25012.0 2960 
3377.0 9877.0 2967 
-16969.0 42357.0 2969 
1102.0 11545.0 2976 
-2826.0 22184.0 2979 
662.0 13017.0 2992 
-7133.0 47518.0 2995 
5798.0 15274.0 2998 
-5260.0 34957.0 3003 
-139.0 11105.0 3038 
-40.0 4438.0 3057 
177.0 3701.0 3079 
-6.0 10707.0 3116 
225.0 7512.0 3130 
2438.0 10631.0 3135 
-2411.0 35031.0 3140 
7640.0 9320.0 3142 
-6918.0 25019.0 3144 
3984.0 10284.0 3148 
-385.0 30289.0 3158 
-59.0 24431.0 3166 
-281.0 23947.0 3176 
1265.0 17565.0 3180 
-1577.0 14714.0 3182 
-118.0 19057.0 3186 
-3730.0 12707.0 3188 
7537.0 8958.0 3190 
-827.0 24055.0 3200 
2040.0 3823.0 3204 
-1310.0 21072.0 3210 
-1004.0 7345.0 3212 
1523.0 3117.0 3217 
728.0 16523.0 3221 
62.0 16565.0 3231 
-3346.0 19127.0 3234 
-719.0 6476.0 3237 
1322.0 3727.0 3241 
-252.0 13306.0 3268 
938.0 2367.0 3271 
-214.0 6646.0 3283 
-165.0 4644.0 3292 
303.0 2058.0 3296 
-82.0 3452.0 3333 
-51.0 538.0 3340 
1.0 156.0 3343 
-30.0 134.0 3347 
-24.0 24.0 3348 
0.0 -0.0 3376 
14.0 1.0 3379 
56.0 31.0 3385 
91.0 477.0 3404 
71.0 1703.0 3453 
312.0 7302.0 3465 
213.0 9144.0 3467 
-261.0 9307.0 3477 
1137.0 6721.0 3480 
-369.0 13735.0 3490 
313.0 6678.0 3499 
862.0 8235.0 3502 
162.0 13836.0 3515 
538.0 14050.0 3522 
49.0 17997.0 3552 
266.0 18271.0 3575 
381.0 23428.0 3586 
-3493.0 25362.0 3591 
1086.0 7522.0 3600 
-2344.0 22970.0 3604 
2470.0 12355.0 3608 
-3152.0 32335.0 3612 
2590.0 9114.0 3618 
-4748.0 29123.0 3622 
477.0 12868.0 3635 
154.0 12466.0 3670 
-479.0 21366.0 3683 
25.0 16512.0 3703 
1633.0 16054.0 3709 
-3833.0 35710.0 3715 
364.0 14169.0 3732 
-968.0 41252.0 3740 
-272.0 23804.0 3766 
1568.0 15621.0 3775 
-9097.0 35210.0 3777 
12532.0 15624.0 3779 
-4911.0 50136.0 3784 
1244.0 8083.0 3798 
-2807.0 52788.0 3804 
806.0 35713.0 3807 
-4160.0 26247.0 3810 
1527.0 13699.0 3817 
1388.0 41176.0 3822 
-1957.0 45978.0 3826 
-7622.0 45512.0 3830 
-318.0 15673.0 3852 
776.0 11039.0 3863 
8783.0 10034.0 3866 
-12638.0 49803.0 3868 
10563.0 16607.0 3870 
-3998.0 37574.0 3874 
-4269.0 24949.0 3876 
2019.0 15048.0 3883 
-285.0 36569.0 3886 
-1871.0 39672.0 3889 
1168.0 33634.0 3892 
-3013.0 47420.0 3897 
914.0 20713.0 3901 
-5875.0 26597.0 3903 
1394.0 24747.0 3906 
10424.0 15730.0 3908 
-2336.0 43974.0 3914 
-389.0 13207.0 3925 
396.0 11752.0 3944 
-1346.0 39082.0 3953 
10255.0 13070.0 3955 
-7092.0 40273.0 3958 
-1159.0 14325.0 3965 
12197.0 5947.0 3967 
-854.0 34153.0 3977 
1716.0 12277.0 3982 
-7617.0 30622.0 3984 
7595.0 9453.0 3986 
-1257.0 29919.0 3991 
-1570.0 15102.0 3997 
31.0 7035.0 4010 
1957.0 7834.0 4015 
449.0 22092.0 4024 
-1899.0 18061.0 4028 
-888.0 13421.0 4033 
694.0 5886.0 4039 
4006.0 9140.0 4041 
-1134.0 19172.0 4045 
2795.0 10880.0 4047 
-361.0 20493.0 4060 
-313.0 8375.0 4076 
9.0 2835.0 4085 
-144.0 3362.0 4099 
-30.0 1677.0 4121 
59.0 1584.0 4139 
52.0 2898.0 4153 
-286.0 2965.0 4161 
-24.0 914.0 4174 
-59.0 460.0 4181 
-23.0 70.0 4184 
-3.0 3.0 4185 
0.0 -2.0 4210 
44.0 45.0 4217 
60.0 343.0 4222 
34.0 765.0 4241 
45.0 1116.0 4256 
166.0 1915.0 4289 
134.0 8177.0 4500 
7212.0 13309.0 4504 
-329.0 40371.0 4526 
1658.0 18614.0 4528 
-376.0 17088.0 4530 
-2723.0 12276.0 4532 
2454.0 8472.0 4538 
-2981.0 28678.0 4540 
4482.0 8004.0 4544 
752.0 29606.0 4547 
-3591.0 41130.0 4550 
-13208.0 32136.0 4552 
7129.0 1882.0 4556 
-14809.0 49249.0 4558 
5973.0 17666.0 4563 
-469.0 44070.0 4580 
-1722.0 26347.0 4582 
5085.0 10263.0 4586 
4525.0 31661.0 4588 
-8352.0 36866.0 4590 
-9861.0 25879.0 4592 
7945.0 1819.0 4596 
-11003.0 52513.0 4599 
1697.0 8659.0 4601 
1950.0 21534.0 4603 
14286.0 12970.0 4605 
-16104.0 50547.0 4607 
1267.0 18631.0 4610 
12562.0 19100.0 4612 
-5348.0 41968.0 4615 
8562.0 23276.0 4617 
437.0 29228.0 4621 
-331.0 43977.0 4650 
14557.0 15387.0 4652 
-514.0 41435.0 4666 
5529.0 27159.0 4669 
-268.0 40884.0 4686 
-110.0 41719.0 4924 
-189.0 12574.0 4977 
-91.0 3134.0 5003 
-39.0 927.0 5024 
-29.0 146.0 5029 
5.0 0.0 5030 
-5.0 5.0 5031 
0.0 -1.0 5050 
21.0 3.0 5052 
28.0 39.0 5061 
25.0 319.0 5070 
50.0 540.0 5079 
83.0 770.0 5109 
157.0 3363.0 5206 
159.0 18133.0 5281 
2945.0 17685.0 5284 
3022.0 24393.0 5288 
-9761.0 37340.0 5290 
8898.0 12343.0 5292 
-10873.0 30040.0 5294 
3119.0 8174.0 5298 
-6538.0 22966.0 5300 
-674.0 15580.0 5303 
3098.0 9141.0 5306 
-3461.0 19215.0 5308 
10198.0 9844.0 5310 
-1344.0 38763.0 5317 
5241.0 23419.0 5320 
-299.0 37735.0 5337 
3780.0 23957.0 5341 
-745.0 33065.0 5347 
-4160.0 42979.0 5352 
9432.0 5187.0 5355 
-4380.0 42911.0 5360 
2504.0 7023.0 5364 
1983.0 15341.0 5369 
-636.0 41654.0 5384 
5778.0 13758.0 5386 
378.0 34703.0 5397 
-2492.0 42388.0 5403 
2223.0 12089.0 5405 
5977.0 24246.0 5408 
-177.0 39296.0 5423 
1172.0 33046.0 5429 
-20.0 39218.0 5625 
195.0 30715.0 5635 
-143.0 31811.0 5787 
-141.0 7767.0 5832 
-55.0 1651.0 5856 
-33.0 414.0 5868 
-3.0 19.0 5870 
-4.0 4.0 5871 
0.0 -1.0 5893 
6.0 14.0 5895 
45.0 28.0 5901 
51.0 224.0 5910 
35.0 651.0 5929 
108.0 1207.0 5961 
142.0 5847.0 6131 
2657.0 19642.0 6134 
-5216.0 24567.0 6136 
1127.0 24865.0 6143 
-271.0 33009.0 6154 
9327.0 11485.0 6156 
-522.0 35141.0 6169 
2428.0 26020.0 6173 
-35.0 34305.0 6197 
5143.0 18418.0 6200 
-2243.0 32658.0 6205 
-951.0 32856.0 6209 
-25.0 39298.0 6512 
-127.0 26357.0 6570 
-125.0 19671.0 6628 
-175.0 9696.0 6674 
-67.0 1980.0 6698 
-43.0 463.0 6707 
-13.0 56.0 6709 
-35.0 35.0 6710 
0.0 -1.0 6738 
7.0 35.0 6740 
60.0 45.0 6744 
44.0 204.0 6767 
108.0 1374.0 6794 
488.0 3091.0 6796 
196.0 5187.0 6969 
-844.0 35306.0 6976 
891.0 23639.0 6981 
-224.0 40062.0 7001 
-1100.0 28619.0 7006 
12129.0 19844.0 7008 
-326.0 43770.0 7022 
6037.0 30828.0 7025 
46.0 44339.0 7087 
-328.0 45079.0 7129 
1122.0 26138.0 7147 
502.0 43550.0 7164 
-5027.0 47704.0 7169 
6949.0 16448.0 7175 
-3572.0 53504.0 7182 
-2546.0 35442.0 7188 
2422.0 9550.0 7198 
157.0 48216.0 7216 
-136.0 50914.0 7449 
-227.0 15262.0 7503 
-111.0 3559.0 7528 
-62.0 983.0 7535 
-42.0 585.0 7548 
0.0 14.0 7550 
0.0 -1.0 7578 
73.0 12.0 7581 
-9.0 217.0 7584 
48.0 173.0 7594 
66.0 756.0 7622 
186.0 2419.0 7676 
276.0 13183.0 7699 
144.0 19187.0 7703 
3764.0 13091.0 7705 
-5816.0 20013.0 7707 
2648.0 7874.0 7712 
-1588.0 24501.0 7717 
1354.0 10424.0 7721 
-745.0 23033.0 7726 
1968.0 16253.0 7729 
-474.0 16164.0 7732 
1331.0 22578.0 7740 
107.0 27240.0 7821 
-8243.0 28722.0 7823 
8283.0 440.0 7826 
63.0 38357.0 7856 
-2920.0 38058.0 7859 
-641.0 15120.0 7863 
16972.0 21766.0 7865 
-996.0 52989.0 7879 
7430.0 6256.0 7883 
-17628.0 49329.0 7885 
10873.0 14434.0 7887 
-14562.0 34378.0 7889 
8562.0 1320.0 7893 
-1523.0 56153.0 7900 
7049.0 27404.0 7902 
-1494.0 54277.0 7909 
620.0 43169.0 7913 
-4312.0 48018.0 7916 
36.0 17519.0 7935 
105.0 17639.0 7972 
-1419.0 63896.0 7987 
17646.0 23365.0 7989 
-3824.0 41702.0 7991 
-264.0 51640.0 8000 
-9680.0 34286.0 8002 
12117.0 21068.0 8005 
-15797.0 44870.0 8007 
2008.0 15661.0 8013 
-7197.0 29980.0 8015 
2146.0 13507.0 8023 
-2702.0 56517.0 8028 
3354.0 38806.0 8032 
-108.0 50533.0 8242 
-210.0 25342.0 8308 
-177.0 9715.0 8322 
-288.0 7124.0 8334 
-193.0 4901.0 8340 
-246.0 4015.0 8352 
-34.0 1339.0 8379 
-50.0 355.0 8385 
13.0 23.0 8387 
-62.0 62.0 8388 
0.0 -2.0 8421 
-31.0 31.0 8422 
35.0 4.0 8424 
5.0 83.0 8431 
2.0 74.0 8434 
-104.0 104.0 8435 
45.0 24.0 8437 
78.0 58.0 8442 
18.0 592.0 8447 
-53.0 550.0 8452 
61.0 299.0 8456 
90.0 810.0 8461 
-117.0 955.0 8466 
187.0 388.0 8471 
456.0 1826.0 8478 
95.0 4469.0 8496 
281.0 6042.0 8502 
-429.0 10658.0 8505 
1653.0 9758.0 8508 
-2401.0 15319.0 8511 
848.0 4220.0 8515 
498.0 11694.0 8521 
113.0 14768.0 8535 
-943.0 14201.0 8538 
38.0 8995.0 8543 
2318.0 10235.0 8545 
-1633.0 13840.0 8547 
3215.0 7563.0 8550 
-1775.0 24394.0 8555 
6317.0 11417.0 8557 
-4227.0 24133.0 8560 
1538.0 4402.0 8569 
-7467.0 28242.0 8571 
3554.0 8385.0 8574 
-4674.0 20681.0 8576 
9874.0 9680.0 8578 
-10483.0 29101.0 8580 
2481.0 6269.0 8585 
-6583.0 24943.0 8587 
-1177.0 25310.0 8590 
1502.0 9295.0 8595 
-3455.0 24801.0 8597 
2084.0 18690.0 8599 
162.0 16182.0 8608 
-6353.0 25546.0 8610 
4801.0 21212.0 8614 
-3449.0 28929.0 8616 
-5829.0 23070.0 8618 
-295.0 11606.0 8628 
1463.0 9488.0 8637 
2089.0 38670.0 8642 
-130.0 40714.0 8644 
-219.0 43617.0 8668 
-2392.0 27464.0 8671 
2227.0 28102.0 8679 
-2588.0 49545.0 8685 
13025.0 26532.0 8687 
-2016.0 42835.0 8689 
-3153.0 51790.0 8695 
861.0 11062.0 8703 
446.0 20658.0 8707 
-2251.0 22945.0 8712 
1250.0 11118.0 8722 
-7937.0 30642.0 8724 
3794.0 11546.0 8729 
-12369.0 40124.0 8731 
4855.0 14290.0 8735 
-7915.0 51336.0 8738 
1857.0 13928.0 8746 
944.0 46844.0 8754 
-9336.0 42125.0 8756 
4089.0 35388.0 8760 
-2343.0 50064.0 8767 
1939.0 20556.0 8770 
-1206.0 31406.0 8780 
3739.0 28504.0 8785 
-593.0 50211.0 8796 
-321.0 39233.0 8803 
-245.0 28909.0 8813 
-6.0 26477.0 8835 
1800.0 17811.0 8852 
-329.0 53881.0 8866 
-3906.0 48647.0 8869 
7399.0 34046.0 8872 
-747.0 53992.0 8885 
-1230.0 40023.0 8888 
4625.0 29994.0 8893 
-156.0 47086.0 8918 
6563.0 27512.0 8921 
-121.0 45359.0 8935 
-64.0 42617.0 8955 
-2067.0 44288.0 8965 
971.0 27895.0 8976 
-89.0 31490.0 8989 
-555.0 36630.0 9013 
493.0 15590.0 9026 
645.0 34108.0 9035 
-625.0 26014.0 9039 
996.0 22138.0 9042 
-522.0 33295.0 9055 
-1184.0 18870.0 9061 
-71.0 13386.0 9114 
610.0 15912.0 9122 
649.0 19753.0 9129 
-447.0 21438.0 9167 
-199.0 5635.0 9182 
-110.0 3869.0 9205 
-68.0 1790.0 9223 
-78.0 473.0 9229 
-6.0 16.0 9231 
0.0 -1.0 9252 
-16.0 16.0 9253 
1.0 -4.0 9265 
28.0 40.0 9267 
-31.0 108.0 9269 
56.0 30.0 9271 
122.0 101.0 9275 
42.0 560.0 9301 
102.0 2095.0 9312 
89.0 2838.0 9316 
578.0 2333.0 9318 
164.0 4292.0 9338 
-65.0 5804.0 9341 
178.0 4787.0 9348 
923.0 4098.0 9350 
937.0 8220.0 9354 
-1422.0 12310.0 9357 
1080.0 6085.0 9363 
153.0 13206.0 9369 
-5053.0 18217.0 9371 
46.0 6361.0 9391 
1406.0 5322.0 9397 
-3168.0 19854.0 9400 
-42.0 8939.0 9432 
27.0 10086.0 9464 
420.0 11837.0 9491 
-9227.0 35397.0 9493 
996.0 20486.0 9499 
4005.0 17089.0 9505 
-5586.0 48321.0 9510 
2123.0 18348.0 9516 
-4924.0 37872.0 9519 
-306.0 32408.0 9523 
11822.0 21885.0 9525 
-6580.0 49826.0 9530 
-210.0 22665.0 9544 
1309.0 13739.0 9557 
-11814.0 44405.0 9559 
10836.0 17687.0 9562 
-10431.0 57522.0 9565 
-4178.0 27424.0 9568 
1770.0 15536.0 9573 
-3008.0 28755.0 9577 
3990.0 28015.0 9579 
-218.0 22572.0 9593 
8916.0 35610.0 9595 
-5351.0 39749.0 9597 
-9733.0 45233.0 9599 
10547.0 8447.0 9602 
-809.0 56761.0 9609 
-2341.0 50459.0 9613 
-2644.0 28200.0 9616 
5999.0 19868.0 9620 
-1965.0 57943.0 9629 
729.0 18600.0 9632 
-1111.0 41453.0 9635 
-3813.0 28262.0 9637 
3097.0 10147.0 9642 
3014.0 45223.0 9646 
-515.0 54823.0 9663 
-5191.0 25339.0 9665 
864.0 14115.0 9670 
9367.0 16730.0 9673 
-3994.0 63595.0 9681 
1229.0 11366.0 9685 
16138.0 26171.0 9687 
-3878.0 59035.0 9694 
18786.0 4981.0 9696 
-1442.0 54281.0 9707 
10000.0 24358.0 9710 
-469.0 50691.0 9727 
956.0 43300.0 9733 
-137.0 50347.0 9975 
-481.0 15238.0 9990 
240.0 5086.0 9999 
-213.0 6300.0 10020 
-43.0 2434.0 10050 
-31.0 1042.0 10066 
26.0 321.0 10068 
-47.0 335.0 10074 
-10.0 83.0 10077 
-32.0 67.0 10079 
0.0 3.0 10081 
0.0 -2.0 10093 
-15.0 15.0 10094 
2.0 -7.0 10105 
25.0 70.0 10111 
65.0 221.0 10114 
50.0 374.0 10129 
33.0 1247.0 10141 
194.0 1171.0 10147 
125.0 2380.0 10167 
167.0 6524.0 10333 
113.0 34081.0 10424 
-717.0 41334.0 10435 
598.0 38462.0 10450 
15.0 45488.0 10615 
-1090.0 41857.0 10623 
1353.0 22819.0 10625 
753.0 35961.0 10643 
-87.0 42469.0 10682 
34.0 30917.0 10692 
-2733.0 34667.0 10696 
-5383.0 35018.0 10700 
7548.0 14145.0 10703 
-195.0 34477.0 10747 
699.0 21861.0 10755 
-2993.0 21805.0 10758 
1859.0 17693.0 10765 
-2694.0 25664.0 10769 
-1695.0 19966.0 10773 
1093.0 13962.0 10777 
-2843.0 14719.0 10779 
-383.0 8040.0 10795 
-17.0 2056.0 10817 
-64.0 1222.0 10828 
-38.0 418.0 10836 
-27.0 131.0 10839 
-31.0 58.0 10841 
0.0 5.0 10843 
12.0 1.0 10845 
-5.0 29.0 10847 
20.0 18.0 10849 
2.0 61.0 10852 
1.0 42.0 10855 
-18.0 77.0 10858 
52.0 11.0 10860 
31.0 83.0 10867 
-10.0 371.0 10873 
-51.0 259.0 10877 
46.0 17.0 10879 
-8.0 79.0 10884 
13.0 45.0 10886 
14.0 59.0 10889 
42.0 132.0 10895 
-33.0 306.0 10904 
-14.0 35.0 10906 
0.0 -1.0 10947 
54.0 12.0 10949 
42.0 98.0 10956 
85.0 343.0 10981 
156.0 2228.0 11034 
246.0 10131.0 11057 
239.0 15736.0 11072 
-41.0 18134.0 11082 
176.0 14509.0 11094 
-255.0 18863.0 11099 
-230.0 18579.0 11104 
319.0 18911.0 11114 
-1527.0 26809.0 11117 
1303.0 20440.0 11123 
485.0 28042.0 11126 
-1243.0 30104.0 11130 
-4669.0 36729.0 11132 
475.0 20221.0 11138 
479.0 26968.0 11140 
-1733.0 30232.0 11144 
-261.0 26775.0 11148 
6764.0 23580.0 11150 
-777.0 42213.0 11154 
-5745.0 43636.0 11157 
-2436.0 42010.0 11161 
2263.0 21558.0 11166 
-6057.0 38904.0 11168 
-64.0 42124.0 11173 
508.0 36519.0 11177 
5958.0 26423.0 11180 
-9999.0 53303.0 11183 
4383.0 31221.0 11186 
-862.0 39694.0 11192 
1497.0 39936.0 11197 
305.0 41385.0 11201 
-11254.0 48049.0 11203 
10661.0 24807.0 11205 
-11723.0 45503.0 11207 
10268.0 22040.0 11209 
-9789.0 42628.0 11211 
18.0 24257.0 11224 
-7957.0 33566.0 11226 
137.0 17360.0 11256 
967.0 22927.0 11263 
-7125.0 46672.0 11265 
1023.0 18228.0 11274 
-2980.0 31699.0 11278 
4125.0 20451.0 11283 
-14183.0 44924.0 11285 
1652.0 26313.0 11290 
-1935.0 38248.0 11293 
5932.0 17856.0 11297 
-11982.0 46113.0 11299 
17947.0 19324.0 11301 
-3107.0 48775.0 11303 
-24.0 49629.0 11373 
-2633.0 45207.0 11377 
14189.0 26442.0 11379 
-215.0 51263.0 11411 
13023.0 4632.0 11414 
-6578.0 50788.0 11416 
-12435.0 49517.0 11418 
17612.0 22762.0 11420 
-15042.0 57394.0 11422 
-2585.0 30545.0 11424 
6936.0 26229.0 11426 
-135.0 43240.0 11429 
6829.0 37761.0 11432 
164.0 39400.0 11434 
-18654.0 46262.0 11436 
17012.0 22559.0 11438 
-3596.0 55584.0 11444 
4362.0 25376.0 11446 
3663.0 31751.0 11449 
-425.0 43420.0 11452 
6051.0 30467.0 11454 
-69.0 37900.0 11457 
3112.0 44009.0 11459 
-782.0 45957.0 11461 
-12652.0 47000.0 11464 
12206.0 8175.0 11467 
-18743.0 59390.0 11469 
7307.0 12825.0 11472 
8483.0 31140.0 11474 
-9642.0 62030.0 11477 
12765.0 30911.0 11479 
-9504.0 56779.0 11482 
-899.0 21150.0 11486 
1428.0 11955.0 11490 
-719.0 21171.0 11498 
5878.0 9373.0 11501 
-3662.0 28632.0 11505 
10976.0 11481.0 11508 
-1049.0 47448.0 11510 
-4393.0 53012.0 11514 
-9817.0 26437.0 11516 
19263.0 4807.0 11518 
-670.0 46192.0 11540 
14172.0 8791.0 11542 
-664.0 39642.0 11560 
6663.0 14276.0 11564 
-537.0 28751.0 11566 
-254.0 33379.0 11606 
3994.0 15709.0 11609 
-223.0 26243.0 11640 
-1132.0 11041.0 11642 
4933.0 5829.0 11645 
-1177.0 20388.0 11654 
-151.0 4439.0 11656 
815.0 5971.0 11658 
4530.0 6395.0 11660 
-1713.0 11544.0 11662 
-173.0 12747.0 11678 
-150.0 8380.0 11723 
-78.0 2085.0 11740 
-48.0 766.0 11755 
-21.0 46.0 11757 
0.0 -4.0 11788 
18.0 63.0 11790 
42.0 83.0 11812 
102.0 833.0 11837 
192.0 4326.0 12022 
64.0 40006.0 12178 
15611.0 10582.0 12180 
-171.0 51684.0 12206 
7649.0 33486.0 12209 
-9633.0 57326.0 12212 
16734.0 11539.0 12214 
-82.0 51844.0 12248 
444.0 46620.0 12253 
-361.0 49440.0 12265 
1367.0 41921.0 12271 
-1434.0 52903.0 12282 
1607.0 23447.0 12284 
6763.0 4769.0 12289 
-3251.0 60334.0 12296 
18678.0 11080.0 12298 
-20341.0 47400.0 12300 
2220.0 8085.0 12309 
-2576.0 58842.0 12314 
3303.0 39939.0 12320 
-733.0 55353.0 12333 
1523.0 41648.0 12339 
-2863.0 51152.0 12344 
3639.0 30387.0 12350 
1258.0 34270.0 12352 
-2654.0 47568.0 12355 
-1910.0 50500.0 12361 
8668.0 21591.0 12363 
-201.0 41984.0 12454 
-2388.0 23329.0 12458 
1787.0 11958.0 12462 
-1407.0 18792.0 12464 
-3930.0 11932.0 12466 
3526.0 4184.0 12468 
-1173.0 13088.0 12474 
2620.0 11643.0 12478 
-1612.0 20459.0 12482 
87.0 18393.0 12491 
-248.0 16784.0 12544 
-116.0 4349.0 12573 
-53.0 1188.0 12593 
-48.0 169.0 12596 
-3.0 13.0 12598 
0.0 -1.0 12616 
-16.0 16.0 12617 
0.0 -2.0 12628 
40.0 16.0 12630 
27.0 92.0 12635 
55.0 192.0 12663 
158.0 1527.0 12700 
182.0 9223.0 12907 
46.0 45723.0 12992 
-9257.0 22124.0 12994 
22072.0 14458.0 12996 
-5.0 51323.0 13031 
-2645.0 26421.0 13033 
16069.0 18678.0 13035 
-2673.0 63991.0 13045 
10065.0 13267.0 13047 
4424.0 45011.0 13051 
-5124.0 65310.0 13057 
1373.0 12525.0 13065 
12947.0 12540.0 13068 
-4712.0 50967.0 13071 
-1036.0 60221.0 13083 
-1457.0 46466.0 13086 
6945.0 37104.0 13088 
-1311.0 53986.0 13094 
-4362.0 28870.0 13097 
16458.0 26448.0 13099 
-4159.0 60882.0 13105 
19412.0 20019.0 13107 
-7257.0 53736.0 13113 
19543.0 25437.0 13115 
-1875.0 60491.0 13123 
2546.0 25139.0 13125 
-6993.0 33020.0 13127 
-20.0 32662.0 13129 
15825.0 27839.0 13131 
-1001.0 53735.0 13139 
-258.0 50972.0 13156 
8160.0 25385.0 13158 
-19442.0 45717.0 13160 
2464.0 12722.0 13163 
-4413.0 20730.0 13165 
3968.0 9127.0 13169 
-7056.0 45910.0 13172 
12987.0 5343.0 13175 
-700.0 54193.0 13196 
-3328.0 34379.0 13199 
3441.0 3377.0 13206 
-2128.0 46491.0 13209 
-7026.0 53817.0 13213 
1910.0 10902.0 13216 
9253.0 14969.0 13219 
-17831.0 40575.0 13221 
6175.0 8279.0 13223 
-3337.0 25566.0 13226 
-308.0 12750.0 13228 
6737.0 14672.0 13230 
4047.0 16876.0 13233 
-981.0 39663.0 13241 
-1396.0 31265.0 13244 
4271.0 24421.0 13247 
-5569.0 38058.0 13250 
-4441.0 20355.0 13252 
13136.0 8634.0 13254 
-537.0 33818.0 13264 
425.0 24216.0 13277 
-219.0 28243.0 13394 
-87.0 3112.0 13423 
-53.0 709.0 13435 
-38.0 104.0 13437 
-18.0 30.0 13439 
0.0 -1.0 13457 
-8.0 20.0 13459 
1.0 -4.0 13470 
30.0 21.0 13475 
61.0 154.0 13477 
64.0 243.0 13503 
142.0 1546.0 13543 
176.0 9202.0 13750 
-3.0 46981.0 14028 
-141.0 42303.0 14081 
-208.0 34981.0 14239 
-76.0 2569.0 14267 
-55.0 553.0 14274 
-40.0 181.0 14277 
-46.0 77.0 14279 
0.0 -1.0 14298 
-5.0 19.0 14301 
2.0 -7.0 14313 
45.0 50.0 14315 
49.0 113.0 14323 
61.0 498.0 14340 
124.0 1224.0 14377 
177.0 7451.0 14573 
52.0 41518.0 14726 
-778.0 42510.0 14730 
-6450.0 47128.0 14732 
6027.0 35810.0 14735 
-11687.0 57121.0 14738 
21631.0 3223.0 14740 
-19632.0 47415.0 14742 
19264.0 20221.0 14744 
-2103.0 50958.0 14747 
-2074.0 55194.0 14755 
7703.0 31356.0 14758 
-127.0 53453.0 15002 
-230.0 19049.0 15071 
-96.0 3858.0 15103 
-60.0 990.0 15119 
-40.0 80.0 15121 
0.0 -1.0 15139 
-4.0 18.0 15142 
2.0 -7.0 15155 
39.0 47.0 15170 
74.0 525.0 15195 
198.0 2052.0 15244 
160.0 14406.0 15445 
24.0 45200.0 15532 
85.0 45590.0 15559 
-96.0 53231.0 15817 
-205.0 23242.0 15919 
-87.0 2719.0 15943 
-55.0 800.0 15952 
-38.0 329.0 15958 
-56.0 119.0 15960 
-9.0 15.0 15962 
0.0 -2.0 15980 
-4.0 19.0 15984 
0.0 -1.0 15996 
26.0 3.0 15998 
37.0 72.0 16006 
58.0 289.0 16030 
156.0 1440.0 16062 
179.0 8137.0 16232 
15225.0 14323.0 16234 
-502.0 41085.0 16248 
11396.0 19427.0 16250 
-165.0 39433.0 16257 
-34.0 44175.0 16290 
18600.0 16420.0 16292 
-583.0 48955.0 16302 
26.0 43723.0 16309 
2366.0 39548.0 16314 
-2784.0 52603.0 16319 
1905.0 37509.0 16325 
-4551.0 43855.0 16327 
-9752.0 26429.0 16329 
3884.0 14584.0 16331 
17844.0 23586.0 16333 
-1692.0 55622.0 16340 
4336.0 28667.0 16342 
6299.0 32204.0 16344 
-12362.0 60386.0 16347 
12983.0 3739.0 16350 
-715.0 54704.0 16361 
-18932.0 59272.0 16363 
19288.0 19775.0 16365 
-856.0 54107.0 16374 
-829.0 54181.0 16389 
21024.0 18415.0 16391 
-742.0 56580.0 16410 
21103.0 17312.0 16412 
-843.0 54719.0 16426 
15375.0 10439.0 16428 
-8694.0 58446.0 16432 
19312.0 19890.0 16434 
-591.0 54395.0 16448 
-1637.0 41249.0 16451 
5429.0 31109.0 16453 
1717.0 44371.0 16458 
-1326.0 48448.0 16461 
-1147.0 52971.0 16470 
11053.0 21393.0 16472 
-11582.0 58852.0 16475 
2740.0 22451.0 16477 
10226.0 27270.0 16480 
-158.0 48765.0 16531 
3942.0 6523.0 16533 
15532.0 21076.0 16535 
-1213.0 39342.0 16537 
-2728.0 34390.0 16539 
-416.0 45107.0 16556 
4271.0 24463.0 16561 
-195.0 42135.0 16737 
-183.0 6294.0 16758 
-72.0 2318.0 16767 
-20.0 1339.0 16779 
-69.0 1043.0 16789 
-62.0 398.0 16794 
-30.0 101.0 16796 
-50.0 50.0 16797 
0.0 -0.0 16830 
-3.0 3.0 16831 
12.0 4.0 16833 
41.0 14.0 16836 
62.0 115.0 16844 
79.0 610.0 16872 
134.0 2945.0 16903 
1355.0 3122.0 16906 
-638.0 7783.0 16909 
968.0 7384.0 16914 
28.0 11855.0 16930 
306.0 12039.0 16937 
253.0 11371.0 16959 
-353.0 19731.0 16965 
-2341.0 18001.0 16968 
-576.0 14635.0 16976 
2131.0 5986.0 16978 
857.0 7503.0 16982 
-3349.0 14582.0 16985 
3295.0 5115.0 16987 
1851.0 13842.0 16997 
332.0 20225.0 16999 
-481.0 32228.0 17006 
2546.0 27819.0 17010 
-5557.0 38459.0 17013 
926.0 22531.0 17016 
5281.0 17922.0 17021 
-2341.0 46945.0 17026 
2614.0 26678.0 17030 
-3024.0 42256.0 17037 
-1916.0 24761.0 17044 
289.0 17136.0 17048 
-133.0 18202.0 17076 
361.0 15554.0 17089 
-894.0 29169.0 17106 
3638.0 23053.0 17110 
-5546.0 28755.0 17113 
-600.0 13357.0 17124 
2009.0 5122.0 17134 
-8057.0 42000.0 17136 
11684.0 14166.0 17139 
-10974.0 61928.0 17142 
1641.0 21227.0 17155 
-2782.0 45611.0 17162 
5447.0 44479.0 17165 
-2389.0 59244.0 17170 
310.0 45739.0 17177 
2715.0 35358.0 17179 
-12620.0 48958.0 17181 
6823.0 16526.0 17183 
-8772.0 30034.0 17185 
3518.0 11823.0 17190 
977.0 26771.0 17197 
-3778.0 36976.0 17202 
5712.0 17376.0 17207 
-4862.0 47419.0 17210 
-3472.0 34181.0 17213 
3186.0 28763.0 17217 
-1074.0 33229.0 17228 
661.0 29173.0 17233 
-1421.0 20377.0 17243 
1605.0 5907.0 17250 
7600.0 27290.0 17252 
5438.0 42367.0 17254 
-3718.0 52411.0 17257 
-3939.0 36219.0 17261 
4947.0 19937.0 17265 
2725.0 42335.0 17267 
-1124.0 57405.0 17274 
-1794.0 36277.0 17289 
1840.0 9526.0 17302 
-4733.0 40587.0 17308 
470.0 12688.0 17321 
391.0 26524.0 17346 
398.0 27491.0 17355 
388.0 16616.0 17367 
-422.0 28652.0 17375 
62.0 22301.0 17384 
-8.0 18374.0 17489 
-148.0 13894.0 17539 
34.0 4781.0 17580 
-80.0 4377.0 17622 
-90.0 1397.0 17637 
-51.0 103.0 17639 
0.0 -1.0 17662 
-4.0 21.0 17666 
0.0 -1.0 17682 
25.0 9.0 17686 
87.0 90.0 17692 
83.0 543.0 17722 
165.0 3481.0 17750 
-4.0 9573.0 17770 
1241.0 5143.0 17776 
-164.0 15447.0 17790 
823.0 6900.0 17796 
231.0 18167.0 17817 
-93.0 21701.0 17834 
8.0 14405.0 17836 
8094.0 14239.0 17838 
-330.0 26591.0 17842 
-681.0 25474.0 17844 
-1390.0 31597.0 17848 
-1369.0 28715.0 17851 
2005.0 22278.0 17857 
-2589.0 29588.0 17861 
-208.0 22106.0 17865 
-501.0 25080.0 17875 
-57.0 12100.0 17891 
2240.0 17629.0 17893 
2062.0 15232.0 17900 
-3204.0 32208.0 17902 
-791.0 23699.0 17917 
1086.0 13905.0 17934 
-1415.0 33217.0 17940 
-560.0 24868.0 17947 
5657.0 27582.0 17952 
-5597.0 55736.0 17956 
8652.0 22868.0 17958 
-9761.0 48926.0 17960 
244.0 20380.0 17976 
7516.0 41179.0 17979 
-8519.0 62519.0 17982 
-1650.0 26233.0 17988 
147.0 20481.0 17995 
1619.0 14507.0 18005 
-524.0 46054.0 18009 
-15610.0 51026.0 18011 
-635.0 22014.0 18030 
1375.0 9544.0 18042 
-824.0 42776.0 18045 
-9128.0 33554.0 18047 
608.0 14095.0 18068 
3070.0 35826.0 18073 
-6041.0 36969.0 18077 
2939.0 14494.0 18080 
-2604.0 23586.0 18083 
816.0 16860.0 18102 
7966.0 21353.0 18105 
-7339.0 57523.0 18111 
757.0 14057.0 18125 
-1803.0 28523.0 18135 
644.0 17316.0 18139 
8349.0 10185.0 18143 
-1849.0 53558.0 18150 
3569.0 25353.0 18155 
1435.0 46806.0 18159 
-3648.0 52296.0 18163 
-945.0 50468.0 18171 
4072.0 24714.0 18175 
-11386.0 46307.0 18177 
-4096.0 31861.0 18179 
17047.0 15137.0 18181 
-4647.0 47328.0 18183 
126.0 48904.0 18192 
-5482.0 58233.0 18196 
942.0 21411.0 18198 
3936.0 33909.0 18200 
-7367.0 31067.0 18202 
769.0 28984.0 18205 
5650.0 23796.0 18208 
-10467.0 42738.0 18210 
10248.0 19586.0 18213 
-6347.0 49195.0 18216 
7591.0 30765.0 18219 
-17560.0 51782.0 18221 
3338.0 7889.0 18226 
-13798.0 31804.0 18228 
4783.0 2172.0 18234 
-11333.0 52049.0 18236 
4755.0 29650.0 18239 
-14693.0 45476.0 18241 
4993.0 2917.0 18245 
-3415.0 40530.0 18248 
1850.0 31271.0 18252 
-47.0 36205.0 18282 
1543.0 25344.0 18286 
258.0 26104.0 18301 
-305.0 30945.0 18318 
-340.0 29277.0 18338 
-81.0 21970.0 18365 
-236.0 19405.0 18435 
-93.0 3313.0 18462 
-47.0 984.0 18482 
-36.0 66.0 18484 
0.0 -1.0 18503 
0.0 15.0 18510 
-17.0 17.0 18511 
0.0 -1.0 18522 
32.0 3.0 18525 
28.0 90.0 18528 
46.0 157.0 18538 
-1.0 614.0 18541 
28.0 776.0 18551 
60.0 707.0 18564 
72.0 2347.0 18571 
632.0 2452.0 18574 
34.0 3891.0 18578 
60.0 4517.0 18582 
-528.0 6370.0 18587 
123.0 2146.0 18595 
2.0 3704.0 18597 
619.0 4619.0 18602 
23.0 8209.0 18607 
-1748.0 11933.0 18610 
435.0 6056.0 18613 
599.0 5850.0 18619 
2278.0 9736.0 18623 
-4441.0 15006.0 18625 
604.0 5671.0 18636 
-989.0 15093.0 18640 
6454.0 10566.0 18642 
-2636.0 28858.0 18646 
458.0 12873.0 18649 
817.0 19429.0 18654 
-59.0 24188.0 18676 
7986.0 3802.0 18678 
-7617.0 20446.0 18680 
-88.0 6853.0 18688 
10832.0 9745.0 18690 
30.0 29458.0 18724 
12850.0 5145.0 18726 
107.0 35520.0 18756 
-5109.0 31885.0 18758 
5712.0 12139.0 18761 
-325.0 40917.0 18776 
3112.0 30464.0 18780 
-7241.0 42198.0 18783 
10284.0 18916.0 18785 
1144.0 34075.0 18788 
-2173.0 46718.0 18794 
13912.0 23455.0 18796 
-7170.0 53775.0 18800 
14344.0 9473.0 18802 
-3282.0 50975.0 18807 
-4516.0 18960.0 18809 
1769.0 7431.0 18816 
5758.0 37728.0 18819 
-13159.0 58080.0 18822 
6440.0 4429.0 18827 
-4317.0 59038.0 18832 
7619.0 33827.0 18835 
-29.0 50191.0 18937 
-1256.0 34942.0 18940 
-4572.0 17681.0 18942 
16655.0 5271.0 18944 
-13459.0 38692.0 18946 
18743.0 20817.0 18948 
-4388.0 60104.0 18954 
9230.0 21040.0 18958 
-140.0 51597.0 19031 
11782.0 1906.0 19034 
-163.0 46874.0 19246 
-184.0 9476.0 19289 
-67.0 1864.0 19311 
-43.0 471.0 19322 
-11.0 11.0 19323 
0.0 -1.0 19344 
-1.0 20.0 19352 
0.0 -0.0 19367 
-2.0 2.0 19368 
20.0 4.0 19370 
44.0 33.0 19372 
26.0 156.0 19380 
-4.0 351.0 19385 
88.0 276.0 19391 
12.0 1096.0 19398 
-20.0 1093.0 19414 
281.0 672.0 19421 
735.0 2928.0 19430 
249.0 8352.0 19437 
-1301.0 8876.0 19440 
-571.0 6963.0 19442 
1616.0 5583.0 19445 
-48.0 10421.0 19454 
-2556.0 6735.0 19456 
113.0 2163.0 19467 
174.0 2604.0 19488 
5.0 7985.0 19492 
140.0 5366.0 19499 
5293.0 4290.0 19502 
-1.0 24361.0 19534 
174.0 4139.0 19540 
237.0 5740.0 19549 
1315.0 3693.0 19562 
-4912.0 34608.0 19564 
-6587.0 30719.0 19567 
-27.0 10188.0 19594 
2510.0 8556.0 19599 
2192.0 34693.0 19604 
-1469.0 44783.0 19612 
10273.0 12992.0 19614 
-9155.0 37990.0 19617 
1940.0 9275.0 19625 
-7003.0 32188.0 19628 
-179.0 13640.0 19641 
1434.0 26060.0 19643 
1747.0 14033.0 19650 
-263.0 26429.0 19667 
493.0 26021.0 19688 
5857.0 26647.0 19692 
-1818.0 47687.0 19696 
-6551.0 54179.0 19700 
1368.0 40553.0 19710 
11.0 48950.0 19762 
-804.0 47321.0 19770 
7234.0 34452.0 19773 
-697.0 54836.0 19789 
-999.0 40653.0 19794 
-98.0 24319.0 19801 
3454.0 36599.0 19807 
2001.0 40354.0 19814 
-229.0 53370.0 19855 
18334.0 8474.0 19857 
-375.0 47987.0 19865 
-206.0 49341.0 19906 
8592.0 17353.0 19910 
-51.0 43739.0 19943 
5653.0 22861.0 19945 
-813.0 43001.0 19957 
14137.0 8711.0 19959 
-998.0 43374.0 19972 
3227.0 11286.0 19974 
6082.0 26334.0 19977 
-2324.0 44171.0 19985 
9256.0 6295.0 19987 
-4477.0 36271.0 19991 
2485.0 6224.0 19993 
10147.0 9600.0 19995 
-3532.0 36939.0 19999 
4674.0 19966.0 20002 
-10301.0 33402.0 20004 
8769.0 12094.0 20007 
-5808.0 36822.0 20011 
2085.0 8622.0 20013 
8439.0 16735.0 20015 
-5830.0 34334.0 20018 
2642.0 5697.0 20023 
-10142.0 31831.0 20025 
343.0 7220.0 20031 
-3388.0 11840.0 20033 
-124.0 5137.0 20037 
10167.0 2690.0 20039 
-1056.0 24213.0 20045 
-2323.0 22448.0 20049 
1155.0 13405.0 20055 
284.0 14223.0 20057 
-967.0 22024.0 20066 
80.0 5195.0 20070 
4966.0 4317.0 20072 
-3533.0 17820.0 20075 
2969.0 3346.0 20078 
-1725.0 15615.0 20082 
2614.0 5866.0 20084 
-330.0 12459.0 20103 
2239.0 3460.0 20105 
-791.0 8023.0 20110 
151.0 2692.0 20116 
-58.0 2259.0 20125 
23.0 2437.0 20129 
-330.0 2617.0 20134 
18.0 1097.0 20145 
-134.0 1425.0 20154 
-27.0 281.0 20162 
-47.0 47.0 20163 
0.0 -1.0 20185 
-1.0 17.0 20187 
-1.0 18.0 20196 
22.0 -15.0 20199 
268.0 46.0 20202 
144.0 1102.0 20209 
-186.0 1822.0 20216 
123.0 523.0 20223 
141.0 1843.0 20254 
-169.0 4874.0 20263 
-13.0 4092.0 20272 
-18.0 3855.0 20275 
346.0 1893.0 20279 
8.0 3645.0 20282 
585.0 5136.0 20286 
189.0 7350.0 20344 
601.0 15256.0 20348 
-833.0 10742.0 20354 
2102.0 4650.0 20360 
2062.0 19880.0 20362 
-2647.0 28476.0 20366 
618.0 9705.0 20377 
-5270.0 27647.0 20379 
-276.0 12409.0 20409 
1236.0 2029.0 20420 
-11163.0 35917.0 20422 
-1095.0 9088.0 20425 
-101.0 8076.0 20427 
7932.0 1854.0 20430 
-12787.0 30638.0 20432 
404.0 5359.0 20448 
-2342.0 16420.0 20451 
318.0 9215.0 20459 
837.0 9191.0 20469 
-13719.0 43232.0 20471 
9419.0 15362.0 20474 
-1608.0 42054.0 20482 
-4944.0 26017.0 20484 
13713.0 13039.0 20486 
-1945.0 39326.0 20492 
-5358.0 25905.0 20494 
1690.0 1596.0 20504 
-409.0 41107.0 20515 
-24.0 38561.0 20566 
1722.0 32851.0 20571 
-23.0 40538.0 20671 
1237.0 33133.0 20677 
2.0 38284.0 20713 
-65.0 37813.0 20722 
-64.0 37248.0 20780 
-57.0 30565.0 20787 
612.0 27457.0 20794 
-8740.0 26845.0 20796 
8253.0 15853.0 20798 
-679.0 30539.0 20810 
8048.0 7425.0 20812 
-1840.0 30187.0 20818 
5750.0 13571.0 20821 
173.0 23656.0 20823 
-499.0 25551.0 20825 
-298.0 26596.0 20835 
-4302.0 26856.0 20838 
6828.0 12150.0 20840 
-158.0 22800.0 20859 
-185.0 19360.0 20867 
-581.0 16632.0 20872 
2520.0 7307.0 20874 
-2445.0 13222.0 20877 
2566.0 8962.0 20882 
-6002.0 16891.0 20884 
1257.0 10925.0 20886 
1835.0 6753.0 20889 
-4278.0 14893.0 20891 
3181.0 10051.0 20893 
-781.0 17750.0 20900 
1983.0 8627.0 20904 
-1465.0 14884.0 20908 
285.0 11577.0 20914 
45.0 9587.0 20916 
-1074.0 12477.0 20922 
1031.0 6531.0 20924 
-1345.0 11918.0 20929 
146.0 2422.0 20939 
137.0 3178.0 20945 
-177.0 3038.0 20958 
441.0 845.0 20960 
7.0 2120.0 20977 
-71.0 1874.0 20990 
-88.0 668.0 20994 
-13.0 228.0 20999 
-38.0 203.0 21004 
-6.0 13.0 21006 
0.0 -1.0 21026 
-1.0 19.0 21037 
0.0 -1.0 21047 
26.0 2.0 21050 
34.0 71.0 21058 
69.0 267.0 21072 
125.0 1077.0 21103 
187.0 5490.0 21157 
-475.0 10867.0 21159 
27.0 8616.0 21175 
597.0 8448.0 21186 
192.0 17402.0 21190 
705.0 22188.0 21197 
-213.0 25892.0 21214 
-2340.0 16093.0 21218 
2073.0 6388.0 21223 
-2215.0 22121.0 21226 
2731.0 16366.0 21228 
187.0 23025.0 21238 
-8267.0 28683.0 21240 
9839.0 5964.0 21242 
-8844.0 26874.0 21244 
8724.0 14133.0 21246 
-91.0 30992.0 21267 
-334.0 15933.0 21269 
4047.0 16558.0 21272 
-3392.0 29709.0 21275 
4678.0 8068.0 21278 
-8161.0 31835.0 21280 
2371.0 5806.0 21286 
-10461.0 28391.0 21288 
3608.0 8336.0 21291 
-3591.0 20524.0 21293 
159.0 14792.0 21296 
-633.0 21957.0 21304 
-416.0 14883.0 21308 
1082.0 7368.0 21312 
-1128.0 16767.0 21314 
7692.0 14217.0 21316 
92.0 30443.0 21326 
9902.0 10929.0 21328 
-166.0 37580.0 21339 
-5571.0 23021.0 21341 
8605.0 8027.0 21344 
-2200.0 47043.0 21352 
6300.0 19684.0 21356 
-335.0 41667.0 21375 
-5178.0 35029.0 21378 
2559.0 5978.0 21380 
13992.0 16794.0 21382 
-98.0 41343.0 21463 
822.0 28284.0 21474 
-58.0 40807.0 21610 
-136.0 31640.0 21667 
-47.0 15148.0 21679 
-106.0 20206.0 21748 
-182.0 11422.0 21787 
-128.0 4461.0 21810 
-23.0 809.0 21825 
-27.0 392.0 21837 
-11.0 72.0 21842 
-17.0 17.0 21843 
0.0 -1.0 21867 
-1.0 18.0 21879 
1.0 -3.0 21889 
16.0 28.0 21892 
28.0 64.0 21898 
39.0 207.0 21910 
74.0 1010.0 21920 
84.0 1329.0 21929 
7.0 2604.0 21944 
-5.0 1545.0 21973 
341.0 1239.0 21982 
617.0 5657.0 21991 
117.0 10204.0 21999 
-4343.0 15768.0 22001 
1657.0 6802.0 22004 
337.0 17097.0 22009 
-3759.0 19144.0 22012 
663.0 6461.0 22014 
5832.0 7758.0 22016 
-6849.0 15434.0 22018 
843.0 3730.0 22024 
-46.0 14224.0 22026 
1526.0 6291.0 22033 
-1873.0 27605.0 22037 
-764.0 17906.0 22040 
-542.0 24808.0 22051 
4159.0 7047.0 22053 
-4132.0 20625.0 22055 
8560.0 6221.0 22057 
-677.0 27724.0 22067 
4651.0 8281.0 22070 
-6883.0 31316.0 22073 
3697.0 6142.0 22078 
-5481.0 31483.0 22082 
-532.0 11304.0 22090 
8078.0 3911.0 22093 
-12802.0 31258.0 22095 
178.0 9588.0 22103 
1212.0 6733.0 22114 
-8759.0 27564.0 22116 
12862.0 7876.0 22118 
-8331.0 34475.0 22121 
-304.0 12545.0 22133 
1366.0 11897.0 22138 
2282.0 10407.0 22145 
-9621.0 48877.0 22148 
-893.0 16201.0 22155 
1529.0 4799.0 22166 
-12404.0 32073.0 22168 
26.0 9913.0 22180 
-178.0 14575.0 22189 
4029.0 12838.0 22192 
4295.0 24508.0 22194 
-775.0 44170.0 22207 
10882.0 5214.0 22209 
-9637.0 27431.0 22211 
3043.0 9923.0 22215 
-6853.0 33994.0 22217 
10762.0 19056.0 22220 
-16590.0 40273.0 22222 
10676.0 16755.0 22225 
-14273.0 47119.0 22227 
14833.0 18844.0 22229 
-918.0 44657.0 22237 
5818.0 22472.0 22239 
-4683.0 47978.0 22243 
9304.0 23848.0 22245 
-11694.0 33134.0 22247 
3682.0 9573.0 22252 
-11680.0 41786.0 22254 
9989.0 7104.0 22257 
-9348.0 50016.0 22261 
-1183.0 27779.0 22263 
8855.0 17365.0 22267 
-1776.0 45195.0 22270 
-2765.0 50572.0 22277 
15445.0 21352.0 22279 
-3726.0 50676.0 22284 
12.0 15977.0 22291 
3239.0 21616.0 22295 
-2186.0 42495.0 22299 
-1479.0 47543.0 22309 
9193.0 3150.0 22312 
2629.0 36244.0 22314 
-2955.0 48053.0 22319 
-8059.0 33804.0 22321 
7542.0 211.0 22325 
-2230.0 49868.0 22333 
15449.0 8017.0 22335 
-15886.0 38393.0 22337 
18009.0 9416.0 22339 
-16746.0 42122.0 22341 
8940.0 22344.0 22343 
-725.0 39805.0 22347 
3093.0 34732.0 22351 
-16436.0 46871.0 22353 
3936.0 3699.0 22359 
-1798.0 44983.0 22362 
-1591.0 45285.0 22368 
-1506.0 46699.0 22378 
3990.0 2489.0 22384 
-14988.0 39021.0 22386 
13436.0 8852.0 22388 
-5772.0 47749.0 22392 
14954.0 6046.0 22394 
-10059.0 46972.0 22397 
4207.0 9462.0 22399 
610.0 28313.0 22403 
12499.0 21090.0 22405 
-9800.0 46153.0 22408 
8794.0 1726.0 22411 
-2445.0 43015.0 22417 
11434.0 18474.0 22419 
-836.0 38522.0 22427 
6534.0 16666.0 22429 
-1701.0 41179.0 22437 
3806.0 7350.0 22439 
9505.0 20557.0 22441 
-4298.0 41729.0 22446 
910.0 4173.0 22450 
12599.0 14552.0 22452 
-1437.0 37669.0 22459 
-5429.0 17812.0 22461 
-470.0 17588.0 22463 
12661.0 12316.0 22465 
-1182.0 35594.0 22475 
11900.0 11001.0 22477 
-9511.0 33843.0 22479 
8681.0 14620.0 22481 
-191.0 29155.0 22497 
1589.0 18309.0 22500 
-951.0 29240.0 22510 
3679.0 3622.0 22512 
7278.0 14934.0 22514 
-6107.0 30766.0 22517 
-1083.0 6297.0 22519 
1320.0 4107.0 22521 
8562.0 10310.0 22523 
-1317.0 27028.0 22530 
7959.0 5194.0 22532 
-4530.0 26808.0 22535 
3293.0 13286.0 22538 
-369.0 22636.0 22558 
6477.0 3711.0 22560 
-480.0 13205.0 22562 
-544.0 18090.0 22572 
-2277.0 7870.0 22574 
5382.0 6257.0 22576 
-5761.0 13150.0 22578 
125.0 3109.0 22581 
568.0 3695.0 22583 
2096.0 7381.0 22586 
-222.0 13197.0 22592 
1326.0 7501.0 22594 
-1332.0 13028.0 22599 
1269.0 1966.0 22603 
-581.0 10954.0 22610 
-1515.0 4332.0 22612 
357.0 1148.0 22617 
-1065.0 3637.0 22619 
1708.0 1407.0 22621 
-1570.0 5797.0 22623 
1450.0 2696.0 22625 
-477.0 4418.0 22627 
-405.0 3726.0 22631 
-399.0 3162.0 22633 
177.0 1484.0 22637 
-187.0 3015.0 22641 
661.0 1248.0 22643 
-93.0 2517.0 22645 
-87.0 2648.0 22671 
-46.0 548.0 22679 
-17.0 139.0 22684 
-16.0 39.0 22686 
-10.0 10.0 22687 
0.0 -1.0 22708 
0.0 17.0 22713 
-0.0 19.0 22722 
-9.0 15.0 22724 
0.0 -1.0 22731 
9.0 11.0 22733 
20.0 27.0 22736 
17.0 58.0 22739 
35.0 119.0 22754 
-42.0 911.0 22760 
25.0 475.0 22790 
-31.0 1384.0 22802 
649.0 1010.0 22810 
1885.0 6839.0 22814 
-2270.0 17781.0 22817 
338.0 8080.0 22820 
-2368.0 12346.0 22823 
810.0 5500.0 22826 
-314.0 7380.0 22828 
-126.0 5588.0 22833 
401.0 3543.0 22835 
4956.0 6084.0 22837 
-1643.0 16617.0 22842 
2810.0 3459.0 22844 
-264.0 10938.0 22848 
3424.0 5152.0 22851 
-4178.0 16615.0 22853 
-681.0 10638.0 22858 
-44.0 6551.0 22863 
1818.0 5533.0 22869 
-2669.0 21849.0 22871 
-653.0 22371.0 22873 
1740.0 13480.0 22876 
-5393.0 27378.0 22879 
-318.0 8020.0 22887 
3799.0 5073.0 22890 
1620.0 23372.0 22894 
1185.0 22747.0 22896 
-1884.0 30587.0 22903 
4623.0 16740.0 22906 
-168.0 25789.0 22909 
-6798.0 27950.0 22912 
5447.0 7728.0 22915 
-8037.0 28637.0 22917 
1219.0 7540.0 22923 
-2043.0 18053.0 22928 
-185.0 9640.0 22935 
6777.0 7630.0 22938 
-1127.0 37398.0 22944 
1077.0 23380.0 22949 
-173.0 29076.0 22951 
-11098.0 30606.0 22953 
-447.0 12503.0 22957 
3931.0 6761.0 22960 
-1567.0 19633.0 22968 
9880.0 6690.0 22970 
-8183.0 26605.0 22972 
44.0 10702.0 22982 
-2340.0 23487.0 22984 
-707.0 9577.0 22992 
317.0 5295.0 23006 
-53.0 6987.0 23016 
1347.0 5929.0 23027 
6505.0 28339.0 23029 
-476.0 45019.0 23032 
-9353.0 53488.0 23036 
7409.0 14262.0 23039 
-9743.0 44891.0 23042 
-1724.0 19833.0 23045 
568.0 9041.0 23051 
-1551.0 25310.0 23054 
-1775.0 8145.0 23058 
516.0 1290.0 23066 
347.0 7844.0 23075 
1084.0 6769.0 23087 
-6655.0 24164.0 23090 
117.0 4712.0 23094 
2790.0 3522.0 23100 
1625.0 20088.0 23107 
-857.0 39230.0 23113 
1460.0 25781.0 23119 
2668.0 35834.0 23122 
-11716.0 45763.0 23124 
-5502.0 31584.0 23126 
17097.0 10255.0 23128 
-15730.0 55851.0 23130 
15034.0 13873.0 23132 
-2756.0 52032.0 23140 
-1663.0 15403.0 23142 
420.0 7831.0 23149 
4648.0 4620.0 23156 
-6804.0 53306.0 23159 
-6808.0 24563.0 23161 
13674.0 9704.0 23163 
-9680.0 38392.0 23165 
2149.0 17550.0 23169 
-2564.0 39061.0 23172 
-5253.0 21799.0 23174 
480.0 11676.0 23188 
-873.0 39735.0 23191 
1414.0 29342.0 23193 
-1623.0 30112.0 23196 
-2559.0 15347.0 23199 
3828.0 6865.0 23203 
-137.0 22790.0 23206 
-6708.0 25147.0 23208 
2336.0 6450.0 23216 
-2311.0 47789.0 23224 
-163.0 25245.0 23227 
-1873.0 18562.0 23229 
946.0 9014.0 23238 
-1105.0 26385.0 23241 
1367.0 12472.0 23247 
-1528.0 20960.0 23253 
729.0 18407.0 23256 
3794.0 6917.0 23261 
-1773.0 45018.0 23266 
-1700.0 38638.0 23270 
3378.0 11165.0 23275 
-14924.0 46877.0 23277 
-1332.0 10738.0 23280 
2550.0 5162.0 23285 
2630.0 29272.0 23287 
-3018.0 36925.0 23290 
162.0 17517.0 23292 
-4394.0 28107.0 23294 
1587.0 20102.0 23296 
2065.0 21464.0 23298 
-961.0 22152.0 23302 
10381.0 17726.0 23304 
-938.0 37881.0 23315 
1813.0 13986.0 23320 
-284.0 21745.0 23324 
-497.0 15966.0 23326 
-5438.0 15522.0 23328 
891.0 4281.0 23336 
150.0 14873.0 23341 
137.0 10526.0 23344 
-3491.0 11745.0 23346 
3176.0 1485.0 23351 
1.0 29310.0 23364 
-4910.0 25272.0 23368 
464.0 5848.0 23380 
-989.0 25695.0 23388 
7341.0 11326.0 23390 
-326.0 21430.0 23392 
-2037.0 24514.0 23396 
1540.0 16739.0 23400 
-90.0 21480.0 23411 
-99.0 20604.0 23425 
-939.0 18354.0 23433 
1327.0 6696.0 23435 
590.0 9308.0 23437 
-306.0 14233.0 23459 
-541.0 6872.0 23463 
874.0 4196.0 23466 
-466.0 6369.0 23471 
87.0 2187.0 23477 
-562.0 3362.0 23480 
748.0 1764.0 23482 
-149.0 3625.0 23489 
115.0 3824.0 23496 
-606.0 3708.0 23501 
-155.0 841.0 23505 
-3.0 299.0 23519 
-28.0 209.0 23525 
-15.0 36.0 23527 
0.0 -1.0 23549 
-0.0 16.0 23554 
-1.0 18.0 23563 
0.0 -1.0 23575 
1.0 20.0 23579 
55.0 17.0 23581 
95.0 69.0 23585 
37.0 616.0 23593 
61.0 729.0 23605 
109.0 1607.0 23619 
212.0 2142.0 23626 
-104.0 4974.0 23633 
207.0 3792.0 23635 
464.0 3512.0 23639 
-78.0 6559.0 23647 
-192.0 8140.0 23654 
-169.0 5383.0 23656 
263.0 2880.0 23667 
124.0 7024.0 23678 
93.0 12956.0 23683 
568.0 12385.0 23687 
-2149.0 16073.0 23690 
1036.0 2836.0 23698 
395.0 16659.0 23703 
-2337.0 13768.0 23706 
342.0 7195.0 23727 
-94.0 20775.0 23730 
-1178.0 20984.0 23734 
-67.0 24262.0 23736 
623.0 15366.0 23743 
829.0 26526.0 23751 
-1222.0 31345.0 23759 
2661.0 11610.0 23762 
2804.0 19503.0 23765 
-2890.0 25784.0 23767 
3202.0 18936.0 23770 
-3951.0 34193.0 23772 
-5226.0 27152.0 23774 
-55.0 21365.0 23778 
1982.0 14571.0 23783 
-1716.0 34548.0 23788 
-8020.0 26446.0 23790 
7355.0 10418.0 23792 
-1606.0 24032.0 23797 
-280.0 22132.0 23804 
989.0 11907.0 23814 
-2516.0 30333.0 23816 
1163.0 18236.0 23825 
-32.0 30689.0 23833 
-4409.0 34762.0 23837 
1989.0 17734.0 23842 
-6985.0 37120.0 23844 
467.0 33180.0 23847 
-7061.0 34903.0 23849 
1409.0 20466.0 23851 
958.0 14668.0 23863 
-920.0 24576.0 23866 
-1603.0 22094.0 23873 
1740.0 14418.0 23880 
-914.0 23689.0 23882 
-1394.0 16872.0 23890 
1267.0 8729.0 23898 
-1153.0 14278.0 23905 
596.0 8539.0 23931 
742.0 13356.0 23951 
257.0 42929.0 23954 
-2263.0 54523.0 23964 
8239.0 8580.0 23967 
778.0 37378.0 23970 
-18780.0 43212.0 23972 
7662.0 13990.0 23974 
5143.0 31681.0 23977 
-499.0 45971.0 23994 
-2102.0 26021.0 23996 
4508.0 5071.0 24000 
-10776.0 41968.0 24002 
16287.0 18207.0 24004 
-1173.0 48810.0 24015 
441.0 16704.0 24017 
600.0 13858.0 24023 
13638.0 26818.0 24025 
-2600.0 52710.0 24032 
1832.0 27583.0 24037 
-25.0 31717.0 24041 
3558.0 20343.0 24044 
-222.0 45069.0 24051 
-1508.0 44644.0 24059 
12220.0 20697.0 24061 
98.0 38297.0 24065 
-14690.0 39618.0 24067 
9378.0 8503.0 24070 
-16230.0 41130.0 24072 
349.0 9783.0 24079 
-1642.0 27288.0 24081 
10076.0 20142.0 24083 
-5414.0 41658.0 24087 
3951.0 7049.0 24092 
-7333.0 48235.0 24095 
-1431.0 16102.0 24102 
8538.0 2862.0 24105 
-2138.0 40027.0 24109 
-7280.0 23025.0 24111 
3835.0 9151.0 24113 
-4165.0 25014.0 24115 
15482.0 14833.0 24117 
-922.0 42305.0 24127 
-758.0 31001.0 24130 
2403.0 27789.0 24136 
-545.0 35654.0 24143 
-10626.0 37277.0 24145 
2728.0 8112.0 24150 
-415.0 34597.0 24167 
4588.0 4365.0 24171 
-558.0 34417.0 24182 
8350.0 12611.0 24184 
-4432.0 33318.0 24187 
-3944.0 15018.0 24189 
3157.0 4396.0 24194 
-1982.0 31439.0 24199 
3830.0 14335.0 24201 
-388.0 25571.0 24215 
170.0 12320.0 24217 
7874.0 10749.0 24219 
-5491.0 27135.0 24222 
1228.0 4363.0 24225 
1020.0 7742.0 24227 
-2654.0 10508.0 24229 
9699.0 4133.0 24231 
-1200.0 27965.0 24239 
-3644.0 11540.0 24241 
1093.0 2866.0 24248 
-672.0 19596.0 24259 
477.0 11550.0 24264 
-2229.0 13459.0 24269 
1328.0 2236.0 24272 
-1189.0 7420.0 24275 
157.0 3885.0 24281 
-234.0 3361.0 24290 
31.0 1307.0 24306 
144.0 2192.0 24308 
-114.0 2949.0 24311 
387.0 2679.0 24313 
-38.0 2412.0 24320 
-291.0 2440.0 24324 
41.0 1658.0 24336 
-425.0 1461.0 24339 
9.0 352.0 24346 
-29.0 386.0 24352 
-13.0 136.0 24356 
-24.0 96.0 24359 
-5.0 37.0 24363 
0.0 -1.0 24390 
-0.0 18.0 24395 
-0.0 18.0 24408 
0.0 -1.0 24417 
22.0 14.0 24419 
15.0 39.0 24426 
115.0 194.0 24431 
-63.0 561.0 24434 
11.0 384.0 24452 
37.0 1037.0 24456 
103.0 852.0 24469 
307.0 2291.0 24473 
17.0 4591.0 24481 
-299.0 5716.0 24488 
245.0 5819.0 24495 
-185.0 6443.0 24511 
381.0 3638.0 24524 
71.0 12861.0 24533 
171.0 11888.0 24539 
1349.0 10494.0 24544 
101.0 15921.0 24572 
7534.0 8900.0 24574 
-1200.0 22930.0 24579 
476.0 13658.0 24582 
5052.0 8469.0 24584 
341.0 18433.0 24589 
-1051.0 26458.0 24598 
-631.0 20842.0 24610 
-334.0 18660.0 24618 
-460.0 16196.0 24630 
26.0 15317.0 24642 
5196.0 11379.0 24644 
-868.0 19709.0 24650 
7039.0 13746.0 24653 
-8144.0 48006.0 24656 
1173.0 25420.0 24660 
847.0 11980.0 24672 
-13268.0 38550.0 24674 
-172.0 12987.0 24681 
644.0 16533.0 24687 
1045.0 14432.0 24696 
1100.0 22364.0 24699 
-360.0 18175.0 24720 
40.0 16280.0 24725 
2177.0 8854.0 24734 
-12574.0 52125.0 24736 
6751.0 17444.0 24738 
-4095.0 45945.0 24742 
15126.0 20970.0 24744 
-376.0 40030.0 24746 
-10888.0 41455.0 24748 
320.0 17108.0 24755 
2156.0 18288.0 24761 
-5243.0 38786.0 24764 
7585.0 25190.0 24766 
-15809.0 50249.0 24768 
1281.0 22953.0 24771 
16669.0 4965.0 24773 
-326.0 45036.0 24800 
5737.0 4859.0 24804 
-4180.0 47252.0 24808 
11549.0 19375.0 24810 
-17528.0 40525.0 24812 
8012.0 8445.0 24814 
-4238.0 38629.0 24817 
11294.0 19794.0 24819 
-6382.0 42279.0 24822 
-73.0 22549.0 24824 
68.0 8688.0 24831 
18366.0 17906.0 24833 
-5457.0 55134.0 24838 
2791.0 6219.0 24846 
-8462.0 55501.0 24849 
12198.0 18765.0 24851 
-850.0 46360.0 24867 
6739.0 4968.0 24871 
-14474.0 36088.0 24873 
3868.0 7296.0 24876 
-7606.0 21167.0 24878 
752.0 8712.0 24884 
17935.0 3216.0 24886 
-5585.0 41898.0 24888 
4970.0 27718.0 24890 
-7726.0 49926.0 24894 
5282.0 5086.0 24899 
-14450.0 39194.0 24901 
3446.0 8503.0 24907 
-2185.0 44616.0 24910 
-2754.0 47854.0 24918 
1482.0 5063.0 24929 
-1384.0 43808.0 24941 
840.0 12414.0 24943 
10456.0 11124.0 24946 
-5911.0 44475.0 24950 
4762.0 1736.0 24955 
-4543.0 45816.0 24960 
14403.0 4552.0 24962 
-14845.0 33476.0 24964 
14466.0 3879.0 24966 
-2811.0 37158.0 24972 
-1080.0 37488.0 24980 
-556.0 35474.0 24989 
845.0 26865.0 24996 
-8695.0 35427.0 24998 
-614.0 13617.0 25007 
6609.0 11028.0 25010 
-7949.0 28696.0 25013 
1087.0 5676.0 25019 
889.0 24905.0 25025 
-1376.0 30216.0 25032 
2333.0 17834.0 25037 
-8028.0 28010.0 25039 
2223.0 12877.0 25041 
-5527.0 12553.0 25043 
-82.0 2899.0 25054 
-4.0 1309.0 25065 
58.0 1767.0 25077 
28.0 1922.0 25109 
279.0 4424.0 25119 
98.0 7777.0 25130 
-41.0 9021.0 25145 
-246.0 8743.0 25170 
-53.0 2034.0 25180 
-54.0 1210.0 25198 
-29.0 284.0 25207 
-12.0 23.0 25209 
-2.0 2.0 25210 
0.0 -1.0 25231 
-1.0 19.0 25245 
1.0 -3.0 25254 
21.0 14.0 25256 
30.0 49.0 25267 
49.0 311.0 25294 
134.0 1383.0 25338 
164.0 7575.0 25403 
2222.0 15771.0 25407 
-211.0 21468.0 25412 
-4832.0 24196.0 25415 
4921.0 5049.0 25418 
-1978.0 26032.0 25423 
2915.0 9558.0 25427 
-746.0 29791.0 25436 
1415.0 12041.0 25439 
-2871.0 20063.0 25442 
950.0 13752.0 25446 
3623.0 4328.0 25450 
-8387.0 22525.0 25452 
10297.0 5071.0 25454 
-35.0 27218.0 25484 
10031.0 5376.0 25486 
58.0 29687.0 25641 
13268.0 17086.0 25643 
-644.0 40419.0 25655 
9715.0 13029.0 25657 
-15546.0 33761.0 25659 
9341.0 1123.0 25662 
-1903.0 42140.0 25667 
2994.0 25508.0 25670 
-583.0 41577.0 25687 
2469.0 22265.0 25689 
-5367.0 17420.0 25691 
16213.0 3059.0 25693 
-232.0 40245.0 25714 
-6430.0 32196.0 25716 
14454.0 15272.0 25718 
-4316.0 32828.0 25720 
-740.0 41512.0 25733 
-2375.0 10937.0 25735 
16196.0 12530.0 25737 
-105.0 38134.0 25869 
-204.0 23618.0 25887 
-537.0 16616.0 25889 
2906.0 15204.0 25892 
-1897.0 23971.0 25898 
1846.0 7518.0 25901 
-2383.0 13528.0 25904 
792.0 6164.0 25911 
-1380.0 14666.0 25915 
-572.0 10950.0 25927 
-92.0 6649.0 25933 
43.0 3779.0 25938 
-56.0 4657.0 25983 
-67.0 3285.0 25991 
-232.0 2467.0 26001 
-39.0 216.0 26005 
-12.0 87.0 26009 
94.0 0.0 26010 
-5.0 102.0 26019 
-14.0 26.0 26021 
-2.0 2.0 26022 
0.0 -1.0 26063 
0.0 16.0 26072 
-0.0 17.0 26100 
1.0 -2.0 26111 
36.0 20.0 26113 
44.0 67.0 26119 
78.0 425.0 26129 
2.0 1011.0 26136 
-26.0 701.0 26141 
-33.0 541.0 26148 
22.0 489.0 26159 
82.0 758.0 26163 
14.0 968.0 26177 
546.0 1276.0 26185 
-199.0 6053.0 26195 
689.0 6203.0 26202 
-360.0 9108.0 26219 
68.0 4664.0 26224 
-121.0 4354.0 26229 
446.0 2118.0 26239 
-357.0 8045.0 26251 
72.0 5806.0 26261 
-319.0 5520.0 26268 
260.0 4786.0 26278 
12.0 5190.0 26295 
52.0 6247.0 26307 
-172.0 9751.0 26325 
307.0 4055.0 26336 
165.0 8615.0 26349 
336.0 8302.0 26358 
-358.0 7937.0 26365 
361.0 4900.0 26387 
331.0 16955.0 26410 
715.0 16119.0 26418 
-1074.0 27640.0 26437 
-72.0 10127.0 26461 
163.0 6285.0 26484 
30.0 8302.0 26516 
151.0 6731.0 26537 
1561.0 10922.0 26552 
-902.0 22154.0 26564 
30.0 17754.0 26575 
-415.0 15452.0 26588 
131.0 6153.0 26598 
270.0 8720.0 26617 
110.0 14128.0 26634 
-1228.0 13013.0 26641 
148.0 4583.0 26653 
-256.0 8002.0 26669 
-9.0 6229.0 26683 
-57.0 5235.0 26699 
-153.0 5374.0 26713 
-98.0 4039.0 26724 
-79.0 3497.0 26737 
18.0 2506.0 26762 
29.0 2484.0 26797 
-115.0 3019.0 26807 
-87.0 2195.0 26816 
2.0 2132.0 26824 
-53.0 2046.0 26844 
-45.0 633.0 26855 
6.0 275.0 26866 
-20.0 260.0 26875 
-28.0 51.0 26877 
0.0 -1.0 26906 
0.0 15.0 26924 
0.0 16.0 26929 
0.0 15.0 26943 
-1.0 18.0 26950 
1.0 -2.0 26958 
19.0 13.0 26961 
-21.0 94.0 26964 
90.0 0.0 26965 
40.0 128.0 26976 
7.0 440.0 26983 
-54.0 342.0 26988 
68.0 75.0 26991 
46.0 407.0 27001 
40.0 615.0 27011 
34.0 654.0 27020 
76.0 1025.0 27028 
145.0 904.0 27032 
-39.0 2205.0 27037 
-185.0 1479.0 27041 
-48.0 992.0 27047 
-20.0 500.0 27050 
98.0 433.0 27056 
389.0 1068.0 27061 
-169.0 3254.0 27069 
150.0 1951.0 27079 
48.0 3995.0 27093 
-56.0 6139.0 27106 
64.0 4086.0 27121 
118.0 4018.0 27133 
139.0 4429.0 27143 
313.0 4667.0 27160 
21.0 7279.0 27181 
67.0 11866.0 27194 
-95.0 8616.0 27215 
-54.0 9117.0 27259 
401.0 8030.0 27272 
-581.0 18391.0 27284 
441.0 7289.0 27296 
159.0 13286.0 27310 
1983.0 24685.0 27315 
-3214.0 33303.0 27322 
-310.0 17108.0 27335 
-246.0 9171.0 27346 
-59.0 9931.0 27358 
-8.0 7345.0 27383 
447.0 7573.0 27400 
-503.0 18362.0 27418 
120.0 11850.0 27445 
164.0 11355.0 27463 
-184.0 8982.0 27479 
-43.0 6212.0 27496 
-188.0 6669.0 27504 
-135.0 6729.0 27524 
-567.0 3086.0 27527 
459.0 1601.0 27532 
12.0 4490.0 27541 
-46.0 4016.0 27595 
20.0 1720.0 27614 
31.0 1337.0 27637 
-90.0 2881.0 27645 
15.0 1827.0 27658 
-23.0 1622.0 27669 
13.0 893.0 27677 
5.0 1100.0 27695 
-33.0 797.0 27709 
-5.0 461.0 27717 
-69.0 333.0 27722 
-3.0 3.0 27723 
0.0 -1.0 27751 
0.0 16.0 27766 
0.0 15.0 27771 
-0.0 17.0 27783 
3.0 -6.0 27790 
33.0 45.0 27793 
26.0 122.0 27802 
33.0 385.0 27827 
-87.0 1024.0 27834 
143.0 715.0 27843 
19.0 1434.0 27879 
39.0 2047.0 27914 
54.0 4466.0 27933 
103.0 5302.0 27966 
32.0 7287.0 27996 
-56.0 9245.0 28023 
135.0 7050.0 28070 
-239.0 11752.0 28091 
86.0 10636.0 28124 
-209.0 13682.0 28144 
52.0 6078.0 28159 
142.0 6662.0 28188 
-47.0 8161.0 28207 
198.0 7999.0 28226 
-229.0 8157.0 28246 
77.0 3857.0 28278 
27.0 5047.0 28300 
-23.0 3787.0 28332 
34.0 1934.0 28348 
41.0 2966.0 28369 
-12.0 3036.0 28395 
-259.0 1907.0 28400 
26.0 946.0 28408 
390.0 1105.0 28417 
-24.0 4441.0 28441 
-20.0 3695.0 28472 
-32.0 2458.0 28506 
-13.0 971.0 28514 
-91.0 717.0 28518 
-13.0 457.0 28522 
105.0 411.0 28532 
-47.0 1276.0 28545 
-48.0 905.0 28562 
-25.0 128.0 28565 
-28.0 66.0 28567 
-5.0 5.0 28568 
1.0 -0.0 28570 
-3.0 3.0 28571 
93.0 -30.0 28573 
47.0 233.0 28576 
-88.0 324.0 28580 
0.0 -1.0 28595 
0.0 14.0 28605 
-1.0 18.0 28613 
0.0 -1.0 28625 
10.0 15.0 28631 
6.0 98.0 28642 
136.0 64.0 28644 
11.0 405.0 28651 
86.0 494.0 28668 
111.0 1607.0 28681 
817.0 3961.0 28688 
59.0 8096.0 28694 
-732.0 6670.0 28700 
951.0 3623.0 28704 
-188.0 6515.0 28711 
-468.0 6847.0 28718 
30.0 4547.0 28736 
1760.0 7834.0 28740 
288.0 9755.0 28747 
2151.0 13200.0 28749 
-6207.0 21621.0 28751 
1017.0 9145.0 28753 
-977.0 10805.0 28757 
163.0 4525.0 28762 
250.0 6325.0 28770 
-1474.0 10101.0 28775 
534.0 2869.0 28780 
1043.0 8020.0 28785 
1570.0 9196.0 28791 
-1689.0 27390.0 28794 
-1891.0 19671.0 28796 
4322.0 8284.0 28800 
-10840.0 35583.0 28802 
5680.0 7085.0 28806 
-6648.0 38459.0 28809 
-998.0 13043.0 28813 
6597.0 6618.0 28816 
-6404.0 29576.0 28819 
-179.0 10994.0 28829 
1475.0 14569.0 28834 
1069.0 11840.0 28839 
4615.0 28092.0 28842 
-1651.0 36003.0 28847 
-12050.0 38835.0 28849 
2483.0 9181.0 28856 
-498.0 39281.0 28861 
-8792.0 36831.0 28864 
788.0 11259.0 28885 
-9722.0 48597.0 28888 
13673.0 12539.0 28890 
-8307.0 42640.0 28893 
9984.0 19115.0 28895 
-2116.0 42908.0 28902 
-6435.0 19894.0 28904 
5597.0 4925.0 28908 
-10166.0 44355.0 28910 
5718.0 14338.0 28912 
-9701.0 37690.0 28914 
5435.0 2683.0 28919 
-4623.0 48810.0 28924 
12979.0 6948.0 28926 
-761.0 45070.0 28940 
16245.0 14832.0 28942 
-3836.0 47474.0 28947 
16524.0 17696.0 28949 
-1257.0 47396.0 28957 
-3408.0 36281.0 28960 
7434.0 20108.0 28964 
-3286.0 48394.0 28969 
11028.0 14782.0 28971 
-13746.0 40182.0 28973 
3600.0 6330.0 28979 
137.0 40533.0 28981 
-2343.0 52826.0 28988 
9657.0 24252.0 28990 
-2248.0 51625.0 28998 
6038.0 3194.0 29003 
-1534.0 53302.0 29015 
706.0 7890.0 29023 
9703.0 11744.0 29026 
-8721.0 56698.0 29029 
-231.0 19628.0 29034 
1817.0 11565.0 29039 
10571.0 22064.0 29041 
-1465.0 49567.0 29051 
-912.0 17411.0 29053 
19004.0 17361.0 29055 
-7275.0 55003.0 29059 
1981.0 13900.0 29064 
-3902.0 27461.0 29067 
3692.0 13578.0 29072 
-3925.0 45013.0 29074 
881.0 27264.0 29078 
-8376.0 42667.0 29081 
10922.0 14004.0 29084 
-5415.0 51440.0 29088 
-4311.0 42139.0 29091 
3075.0 25326.0 29095 
753.0 37114.0 29098 
-4880.0 25388.0 29101 
17130.0 16675.0 29103 
-9973.0 51287.0 29106 
1384.0 18394.0 29111 
-888.0 44265.0 29121 
2384.0 18641.0 29125 
-51.0 37835.0 29134 
3973.0 19879.0 29136 
-991.0 36977.0 29141 
4202.0 16760.0 29143 
-9776.0 27984.0 29145 
-766.0 11043.0 29149 
15408.0 13931.0 29151 
-6722.0 44301.0 29154 
8085.0 8597.0 29157 
-10782.0 49137.0 29160 
3849.0 3764.0 29165 
813.0 29911.0 29167 
-4237.0 42985.0 29172 
14130.0 11010.0 29174 
-702.0 37647.0 29186 
2145.0 25382.0 29190 
-246.0 32097.0 29218 
8782.0 12992.0 29220 
-161.0 27656.0 29281 
537.0 14950.0 29286 
-186.0 17241.0 29318 
257.0 9277.0 29321 
-132.0 10266.0 29332 
-2166.0 8131.0 29334 
2741.0 2158.0 29336 
-140.0 7575.0 29383 
-58.0 1214.0 29400 
-27.0 282.0 29408 
-17.0 81.0 29411 
-39.0 39.0 29412 
0.0 -1.0 29436 
0.0 16.0 29444 
-1.0 19.0 29454 
0.0 -1.0 29464 
16.0 0.0 29466 
-8.0 44.0 29469 
60.0 21.0 29471 
60.0 105.0 29476 
80.0 534.0 29497 
80.0 1479.0 29517 
-299.0 3770.0 29521 
859.0 2394.0 29523 
-688.0 4346.0 29526 
152.0 1247.0 29543 
426.0 4462.0 29553 
399.0 13330.0 29559 
128.0 12057.0 29618 
21.0 21543.0 29646 
10050.0 9398.0 29648 
-537.0 27206.0 29656 
2333.0 20639.0 29660 
-2197.0 31805.0 29666 
2252.0 10329.0 29669 
-1684.0 21612.0 29671 
2325.0 17937.0 29673 
10692.0 12286.0 29675 
-12967.0 31667.0 29677 
13284.0 5532.0 29679 
-5774.0 40750.0 29683 
4290.0 12996.0 29686 
4738.0 22274.0 29689 
175.0 32795.0 29693 
-13977.0 32609.0 29695 
469.0 18439.0 29697 
13950.0 14645.0 29699 
-5733.0 42749.0 29703 
13839.0 6746.0 29705 
-1350.0 35978.0 29709 
-69.0 32804.0 29712 
952.0 26356.0 29714 
-595.0 37647.0 29725 
13798.0 16529.0 29727 
-113.0 29691.0 29729 
-14960.0 44771.0 29731 
15528.0 15475.0 29733 
-512.0 41160.0 29748 
4653.0 27004.0 29751 
-10122.0 38746.0 29753 
-1200.0 12789.0 29756 
1414.0 20694.0 29758 
2.0 22529.0 29760 
-206.0 12276.0 29769 
14996.0 19563.0 29771 
-18514.0 50369.0 29773 
8351.0 606.0 29777 
-11422.0 51871.0 29780 
18165.0 12995.0 29782 
-3673.0 49635.0 29788 
18427.0 13363.0 29790 
84.0 40550.0 29792 
-17303.0 48931.0 29794 
6870.0 4227.0 29798 
-239.0 44795.0 29829 
17712.0 13483.0 29831 
-879.0 41517.0 29834 
-53.0 42619.0 29901 
3761.0 22981.0 29903 
5543.0 28366.0 29906 
-86.0 41555.0 29961 
-7038.0 22227.0 29963 
16877.0 14420.0 29965 
-16159.0 49248.0 29967 
15302.0 14480.0 29969 
-6507.0 47824.0 29973 
-461.0 12302.0 29976 
15728.0 13382.0 29978 
-4770.0 44596.0 29983 
6839.0 17898.0 29985 
2235.0 29707.0 29989 
-1846.0 40298.0 29997 
11154.0 12237.0 29999 
-6970.0 23774.0 30001 
4236.0 18169.0 30006 
-3791.0 41003.0 30012 
16536.0 5670.0 30014 
-158.0 33591.0 30053 
7190.0 2190.0 30056 
-174.0 28441.0 30058 
-672.0 32700.0 30073 
4984.0 7404.0 30076 
-368.0 24719.0 30084 
4004.0 6751.0 30086 
-3297.0 21063.0 30088 
695.0 12043.0 30090 
-382.0 11345.0 30093 
4489.0 6511.0 30096 
-5037.0 29182.0 30100 
1883.0 5414.0 30103 
-299.0 10040.0 30116 
-117.0 6716.0 30143 
-67.0 4875.0 30198 
-30.0 1529.0 30228 
-45.0 874.0 30241 
-55.0 219.0 30245 
-5.0 7.0 30247 
0.0 -1.0 30274 
0.0 15.0 30287 
-1.0 21.0 30296 
0.0 -1.0 30306 
14.0 9.0 30308 
21.0 47.0 30325 
47.0 339.0 30339 
89.0 508.0 30349 
508.0 2084.0 30354 
129.0 3277.0 30386 
154.0 7844.0 30391 
-336.0 10854.0 30398 
68.0 4383.0 30402 
5295.0 3662.0 30404 
-762.0 16683.0 30414 
2413.0 1432.0 30417 
1715.0 13296.0 30422 
-3395.0 16836.0 30425 
3427.0 6764.0 30429 
-786.0 22872.0 30439 
-2835.0 11129.0 30442 
3096.0 1601.0 30446 
-5281.0 16880.0 30448 
962.0 5708.0 30456 
-1000.0 25551.0 30459 
3455.0 21276.0 30462 
-8946.0 26150.0 30464 
3475.0 7846.0 30468 
-3139.0 30109.0 30472 
2225.0 10106.0 30478 
954.0 22447.0 30481 
-6979.0 29544.0 30483 
1033.0 17792.0 30485 
-2299.0 25476.0 30487 
-654.0 17631.0 30491 
3365.0 14583.0 30493 
840.0 24897.0 30499 
-188.0 28999.0 30506 
1310.0 25991.0 30511 
-1451.0 32251.0 30516 
2602.0 23995.0 30520 
-1957.0 35939.0 30525 
5352.0 22704.0 30528 
-10172.0 31866.0 30530 
10488.0 10708.0 30532 
444.0 27528.0 30534 
-1077.0 39858.0 30545 
14473.0 5496.0 30547 
-4683.0 41884.0 30551 
5169.0 9959.0 30553 
-7125.0 21725.0 30555 
342.0 14463.0 30557 
13935.0 15039.0 30559 
-1777.0 41947.0 30566 
5085.0 18743.0 30568 
-8447.0 22264.0 30570 
11831.0 15463.0 30572 
5783.0 23838.0 30574 
-14406.0 38600.0 30576 
-1492.0 25001.0 30578 
8652.0 6955.0 30581 
-438.0 45189.0 30603 
17095.0 13818.0 30605 
-1534.0 43280.0 30608 
-858.0 46750.0 30624 
6587.0 12482.0 30626 
-6313.0 41507.0 30629 
9139.0 2337.0 30632 
-1412.0 47066.0 30643 
19172.0 1951.0 30645 
-5019.0 50933.0 30650 
2654.0 3640.0 30657 
-556.0 46116.0 30673 
12482.0 21755.0 30675 
-1406.0 48125.0 30687 
10779.0 2026.0 30690 
-55.0 43934.0 30720 
-12937.0 28631.0 30722 
19708.0 482.0 30724 
-606.0 47770.0 30742 
-2405.0 24741.0 30744 
16860.0 3914.0 30746 
-993.0 46991.0 30758 
-5216.0 16006.0 30760 
11318.0 -643.0 30763 
-1326.0 48167.0 30773 
-5308.0 16506.0 30775 
13999.0 3275.0 30777 
-965.0 44034.0 30786 
13834.0 21424.0 30788 
-17603.0 50538.0 30790 
18604.0 3724.0 30792 
-2288.0 47921.0 30797 
-10489.0 26927.0 30799 
18077.0 3629.0 30801 
-5559.0 51425.0 30806 
602.0 11833.0 30811 
191.0 11787.0 30822 
6387.0 3915.0 30826 
-1227.0 43909.0 30838 
-2171.0 9935.0 30840 
14884.0 11890.0 30842 
-8142.0 41931.0 30845 
-1775.0 8115.0 30847 
15705.0 11017.0 30849 
-447.0 39185.0 30865 
1493.0 9362.0 30870 
-5147.0 22730.0 30873 
1553.0 7570.0 30877 
9266.0 11841.0 30879 
-8477.0 30730.0 30881 
-3993.0 19007.0 30884 
12006.0 5112.0 30886 
-103.0 32373.0 30897 
-8425.0 31281.0 30900 
67.0 8029.0 30917 
8105.0 2945.0 30920 
-5772.0 34970.0 30924 
-581.0 15565.0 30928 
50.0 8004.0 30952 
-33.0 6081.0 30975 
162.0 11432.0 30977 
497.0 5857.0 30983 
534.0 13908.0 30985 
-3093.0 14489.0 30987 
-674.0 5516.0 30992 
795.0 1343.0 30998 
-3837.0 9406.0 31000 
1545.0 1865.0 31004 
-2509.0 9291.0 31007 
2412.0 1448.0 31010 
-620.0 12110.0 31017 
-605.0 5979.0 31019 
-76.0 2990.0 31023 
-119.0 2304.0 31032 
1652.0 1089.0 31034 
-542.0 5433.0 31039 
992.0 1368.0 31041 
-316.0 3439.0 31045 
-120.0 3455.0 31066 
15.0 551.0 31074 
-58.0 707.0 31079 
-31.0 417.0 31091 
-5.0 15.0 31093 
0.0 -1.0 31117 
0.0 16.0 31127 
0.0 15.0 31133 
-3.0 19.0 31137 
1.0 -3.0 31148 
27.0 10.0 31152 
11.0 106.0 31154 
42.0 129.0 31183 
130.0 1142.0 31218 
161.0 6127.0 31276 
1123.0 10282.0 31278 
7122.0 10514.0 31280 
-1023.0 21477.0 31284 
-7395.0 20688.0 31286 
267.0 9254.0 31288 
1110.0 8641.0 31296 
-757.0 14133.0 31306 
-17.0 9937.0 31310 
1301.0 7459.0 31314 
-2324.0 13518.0 31317 
1210.0 5538.0 31323 
1387.0 11077.0 31327 
3055.0 19927.0 31329 
-3403.0 24818.0 31331 
-847.0 29303.0 31341 
11981.0 8533.0 31343 
-612.0 31542.0 31355 
8981.0 5543.0 31357 
4396.0 22015.0 31359 
-1462.0 27326.0 31361 
-528.0 33474.0 31370 
4399.0 23042.0 31373 
-6721.0 27847.0 31376 
14282.0 6226.0 31378 
-13489.0 34877.0 31380 
14462.0 8330.0 31382 
-8552.0 45167.0 31385 
-2862.0 24435.0 31387 
3062.0 8356.0 31390 
-605.0 30270.0 31395 
15533.0 7143.0 31397 
-6482.0 37959.0 31401 
4913.0 23344.0 31403 
-3198.0 31977.0 31405 
5128.0 26086.0 31408 
-542.0 41020.0 31421 
10100.0 20880.0 31423 
-299.0 39831.0 31440 
3849.0 7275.0 31444 
-5589.0 40658.0 31447 
2863.0 9211.0 31449 
7883.0 21653.0 31451 
1080.0 38878.0 31457 
-3698.0 48931.0 31463 
1394.0 20740.0 31465 
11659.0 19765.0 31467 
-3252.0 46281.0 31473 
5998.0 -520.0 31478 
-14221.0 51728.0 31480 
9558.0 12556.0 31482 
-8529.0 34264.0 31485 
-1656.0 24361.0 31487 
18141.0 2741.0 31489 
-2419.0 48986.0 31496 
14556.0 12104.0 31498 
-11055.0 50241.0 31501 
1487.0 23691.0 31503 
-2230.0 14796.0 31505 
16657.0 6715.0 31507 
-1912.0 49749.0 31517 
19248.0 13037.0 31519 
-391.0 46410.0 31545 
1032.0 5123.0 31547 
18061.0 13953.0 31549 
-462.0 39848.0 31551 
-60.0 42184.0 31596 
3252.0 31794.0 31600 
-89.0 41270.0 31714 
13340.0 8176.0 31716 
-155.0 31046.0 31863 
-132.0 6402.0 31903 
-63.0 1348.0 31921 
-32.0 272.0 31929 
-15.0 28.0 31931 
0.0 -1.0 31957 
0.0 15.0 31977 
-9.0 21.0 31979 
1.0 -2.0 31989 
16.0 10.0 31991 
22.0 40.0 31997 
42.0 141.0 32012 
81.0 640.0 32040 
135.0 3212.0 32075 
919.0 5409.0 32082 
76.0 10970.0 32101 
2061.0 7321.0 32103 
109.0 14435.0 32135 
1757.0 8400.0 32138 
3627.0 14592.0 32140 
-1860.0 17431.0 32145 
2236.0 12341.0 32148 
-422.0 12757.0 32160 
2511.0 7065.0 32166 
-8083.0 27144.0 32168 
1599.0 9919.0 32176 
-1620.0 33190.0 32184 
2994.0 14681.0 32189 
-550.0 29416.0 32199 
3481.0 14721.0 32202 
-286.0 23562.0 32212 
390.0 21869.0 32221 
1691.0 14203.0 32225 
2254.0 21409.0 32228 
-2466.0 37511.0 32232 
-2899.0 24106.0 32234 
9044.0 9643.0 32236 
805.0 36717.0 32242 
-3097.0 43576.0 32246 
-2591.0 26995.0 32248 
4196.0 26436.0 32252 
-2480.0 40768.0 32255 
-1831.0 30968.0 32257 
2892.0 27599.0 32263 
-3748.0 45929.0 32267 
7865.0 28674.0 32270 
-211.0 38344.0 32272 
-4200.0 49828.0 32276 
-5012.0 39348.0 32279 
770.0 8511.0 32297 
-398.0 24658.0 32326 
722.0 16877.0 32342 
-8382.0 34466.0 32344 
-477.0 15658.0 32351 
212.0 18464.0 32381 
-151.0 18499.0 32412 
134.0 12595.0 32426 
8698.0 13468.0 32428 
1254.0 40120.0 32434 
-1053.0 43901.0 32443 
5739.0 29299.0 32446 
-6519.0 47883.0 32449 
12618.0 16623.0 32451 
-11924.0 48907.0 32454 
3083.0 5991.0 32461 
-11096.0 37211.0 32463 
1932.0 15528.0 32471 
-3641.0 49817.0 32476 
-324.0 18487.0 32485 
2511.0 12019.0 32491 
-2344.0 45884.0 32495 
102.0 33522.0 32499 
2333.0 19706.0 32501 
-1395.0 36569.0 32507 
8031.0 4159.0 32510 
-5826.0 44314.0 32514 
5823.0 2503.0 32518 
-1904.0 42187.0 32527 
6064.0 -917.0 32531 
-525.0 38128.0 32551 
2290.0 8008.0 32553 
2321.0 8405.0 32555 
5182.0 19867.0 32557 
-7599.0 22959.0 32559 
11543.0 7211.0 32561 
-2106.0 31333.0 32564 
-306.0 31354.0 32578 
-154.0 28587.0 32611 
2694.0 3923.0 32616 
-4017.0 31464.0 32621 
402.0 5148.0 32629 
654.0 5228.0 32633 
6634.0 12190.0 32635 
-8624.0 20301.0 32637 
284.0 4965.0 32653 
-903.0 16739.0 32656 
6203.0 7514.0 32658 
-995.0 22203.0 32665 
-81.0 7743.0 32670 
1272.0 7548.0 32673 
-5282.0 17015.0 32675 
18.0 4998.0 32686 
805.0 3378.0 32690 
-313.0 10717.0 32694 
-143.0 4881.0 32702 
-280.0 4006.0 32710 
-108.0 2490.0 32723 
473.0 2075.0 32726 
-270.0 2883.0 32728 
-88.0 2795.0 32753 
-35.0 700.0 32772 
-25.0 65.0 32774 
0.0 -1.0 32798 
0.0 17.0 32809 
0.0 16.0 32818 
-7.0 18.0 32820 
0.0 -1.0 32830 
21.0 1.0 32833 
31.0 63.0 32835 
23.0 107.0 32842 
41.0 222.0 32864 
-20.0 1432.0 32873 
434.0 800.0 32877 
41.0 2804.0 32886 
629.0 2628.0 32889 
73.0 4514.0 32899 
279.0 5291.0 32905 
-471.0 7552.0 32909 
72.0 3231.0 32917 
126.0 6002.0 32919 
164.0 4920.0 32933 
1499.0 13476.0 32937 
-1759.0 20735.0 32942 
-1632.0 6751.0 32944 
1056.0 2878.0 32953 
230.0 18452.0 32963 
120.0 18313.0 33080 
4308.0 16545.0 33082 
2963.0 22484.0 33085 
4440.0 18245.0 33087 
-4515.0 40327.0 33091 
-417.0 21121.0 33093 
14305.0 15765.0 33095 
-13484.0 43699.0 33097 
8201.0 17041.0 33100 
-226.0 38147.0 33120 
-1570.0 20694.0 33122 
3925.0 10020.0 33124 
11738.0 14001.0 33126 
-9258.0 44204.0 33130 
8101.0 7504.0 33133 
-1188.0 42841.0 33140 
-5769.0 23566.0 33142 
612.0 16610.0 33144 
12502.0 19822.0 33146 
-74.0 39951.0 33187 
-1134.0 16854.0 33189 
4968.0 1082.0 33193 
6286.0 23050.0 33195 
-123.0 41560.0 33244 
5296.0 25764.0 33247 
-66.0 38376.0 33288 
4243.0 23617.0 33292 
-15213.0 34024.0 33294 
-326.0 10729.0 33296 
14628.0 13475.0 33298 
-304.0 37730.0 33305 
-528.0 40190.0 33320 
1441.0 21717.0 33322 
2574.0 22169.0 33324 
-3553.0 29046.0 33326 
-3462.0 14377.0 33328 
2063.0 6651.0 33331 
-5296.0 14526.0 33333 
11373.0 7438.0 33336 
-108.0 39917.0 33499 
-225.0 18786.0 33571 
-108.0 3071.0 33594 
-79.0 789.0 33599 
-4.0 376.0 33603 
-44.0 293.0 33609 
-19.0 47.0 33611 
0.0 -1.0 33638 
-0.0 17.0 33665 
1.0 -2.0 33674 
30.0 8.0 33680 
32.0 248.0 33697 
77.0 563.0 33712 
142.0 1493.0 33756 
213.0 9394.0 33860 
148.0 30534.0 33914 
-11.0 44435.0 34241 
-159.0 34709.0 34325 
-73.0 11147.0 34328 
2576.0 16160.0 34331 
-1934.0 23254.0 34335 
4363.0 8975.0 34337 
106.0 17896.0 34339 
-999.0 24274.0 34349 
719.0 6580.0 34353 
161.0 10247.0 34355 
-1842.0 15807.0 34359 
1482.0 3650.0 34362 
521.0 12237.0 34367 
-4513.0 12421.0 34369 
105.0 4217.0 34383 
-2086.0 9338.0 34386 
-230.0 4201.0 34389 
-151.0 2256.0 34401 
-23.0 569.0 34413 
-12.0 285.0 34419 
-19.0 164.0 34421 
-9.0 138.0 34425 
8.0 166.0 34427 
-48.0 130.0 34430 
1.0 -5.0 34446 
47.0 37.0 34448 
9.0 173.0 34455 
-15.0 208.0 34461 
-40.0 72.0 34463 
1.0 -2.0 34473 
0.0 14.0 34483 
-0.0 17.0 34496 
0.0 17.0 34504 
-20.0 20.0 34505 
2.0 -6.0 34517 
38.0 61.0 34526 
47.0 416.0 34536 
100.0 724.0 34564 
180.0 4497.0 34758 
29.0 39917.0 34948 
4599.0 36697.0 34951 
-2498.0 44367.0 34955 
5335.0 33448.0 34958 
-88.0 45328.0 35039 
5833.0 19013.0 35044 
-178.0 42624.0 35160 
2226.0 17555.0 35163 
-710.0 21964.0 35171 
-2565.0 19905.0 35176 
303.0 6452.0 35187 
-3015.0 20370.0 35190 
688.0 9426.0 35192 
-256.0 7830.0 35207 
-208.0 5707.0 35211 
-36.0 5055.0 35221 
1025.0 4549.0 35223 
-1586.0 6579.0 35226 
-426.0 2113.0 35230 
-80.0 527.0 35235 
-14.0 144.0 35242 
6.0 44.0 35244 
-2.0 85.0 35248 
-31.0 63.0 35250 
0.0 -1.0 35273 
0.0 15.0 35310 
0.0 16.0 35317 
1.0 15.0 35323 
-2.0 21.0 35326 
-0.0 19.0 35347 
1.0 -2.0 35355 
26.0 18.0 35358 
40.0 66.0 35370 
80.0 535.0 35401 
211.0 2161.0 35411 
312.0 3065.0 35416 
99.0 6076.0 35440 
-535.0 6406.0 35443 
998.0 4781.0 35445 
1399.0 5265.0 35448 
191.0 9668.0 35491 
1880.0 7558.0 35493 
4201.0 9961.0 35495 
131.0 18210.0 35552 
2006.0 21078.0 35557 
8.0 32184.0 35913 
-75.0 27614.0 35973 
-726.0 15488.0 35976 
-2261.0 15990.0 35978 
1619.0 11034.0 35982 
-5127.0 19347.0 35984 
-103.0 8231.0 36002 
-319.0 18858.0 36024 
3438.0 4495.0 36026 
-139.0 12341.0 36034 
-191.0 12415.0 36067 
-1447.0 4576.0 36069 
272.0 1911.0 36075 
-121.0 4837.0 36107 
-41.0 730.0 36122 
-13.0 158.0 36127 
-28.0 107.0 36129 
-21.0 35.0 36131 
0.0 -1.0 36155 
0.0 15.0 36162 
-0.0 17.0 36174 
0.0 15.0 36186 
0.0 15.0 36195 
-4.0 18.0 36198 
0.0 -0.0 36208 
44.0 -6.0 36210 
48.0 82.0 36213 
46.0 213.0 36215 
3.0 279.0 36224 
47.0 335.0 36236 
13.0 678.0 36245 
29.0 1200.0 36254 
95.0 1582.0 36263 
484.0 1811.0 36272 
-36.0 6946.0 36283 
54.0 5136.0 36288 
-11.0 5828.0 36314 
68.0 6938.0 36333 
-194.0 5333.0 36352 
179.0 1933.0 36374 
108.0 3720.0 36398 
173.0 7420.0 36437 
1363.0 14666.0 36446 
-971.0 32114.0 36449 
3702.0 29437.0 36451 
-14164.0 40035.0 36453 
-177.0 13211.0 36462 
-1571.0 18758.0 36466 
3496.0 4328.0 36472 
-6462.0 45587.0 36476 
5013.0 19064.0 36479 
2352.0 30038.0 36483 
453.0 35120.0 36488 
-7790.0 35549.0 36491 
1990.0 24157.0 36494 
-1966.0 26504.0 36496 
2811.0 11194.0 36502 
-764.0 42135.0 36511 
-5041.0 25428.0 36513 
4263.0 14848.0 36515 
2951.0 22037.0 36518 
-5909.0 46836.0 36522 
1814.0 8333.0 36530 
-3402.0 40629.0 36534 
3856.0 10434.0 36539 
-12007.0 40679.0 36542 
3577.0 7260.0 36545 
7728.0 24773.0 36548 
-10656.0 42517.0 36551 
4226.0 13472.0 36554 
2167.0 34226.0 36557 
-2458.0 41225.0 36563 
1417.0 19948.0 36566 
2161.0 19740.0 36569 
10904.0 17932.0 36571 
-1664.0 45730.0 36579 
-592.0 29984.0 36582 
9273.0 11699.0 36584 
-1105.0 28967.0 36587 
-4075.0 27722.0 36589 
4532.0 28323.0 36592 
-1966.0 41730.0 36600 
7663.0 10398.0 36603 
540.0 35795.0 36611 
-2.0 37736.0 36645 
111.0 37359.0 36657 
-559.0 40046.0 36667 
1927.0 30134.0 36671 
-99.0 35651.0 36810 
-1837.0 15365.0 36816 
454.0 5543.0 36825 
-93.0 9344.0 36830 
-195.0 6342.0 36845 
-16.0 3793.0 36886 
-47.0 4758.0 36904 
-116.0 3310.0 36928 
-51.0 615.0 36938 
-17.0 138.0 36945 
-17.0 33.0 36947 
2.0 -1.0 36949 
-4.0 4.0 36950 
0.0 -1.0 36983 
-2.0 18.0 36985 
-0.0 16.0 36991 
-0.0 15.0 36995 
0.0 14.0 37004 
1.0 14.0 37006 
0.0 16.0 37010 
0.0 16.0 37020 
0.0 16.0 37025 
-2.0 18.0 37031 
1.0 -3.0 37040 
22.0 17.0 37042 
31.0 52.0 37054 
57.0 334.0 37083 
153.0 1739.0 37143 
114.0 12972.0 37346 
472.0 31834.0 37355 
-43.0 39646.0 37637 
-158.0 23500.0 37703 
2025.0 8539.0 37706 
-186.0 12973.0 37739 
538.0 5057.0 37741 
-142.0 6653.0 37774 
-61.0 2214.0 37799 
-28.0 1072.0 37809 
-77.0 611.0 37816 
-33.0 93.0 37819 
0.0 -1.0 37836 
-0.0 17.0 37842 
1.0 13.0 37847 
-0.0 17.0 37874 
0.0 -1.0 37884 
24.0 4.0 37886 
21.0 45.0 37890 
38.0 147.0 37903 
69.0 607.0 37910 
100.0 832.0 37939 
140.0 4722.0 38112 
62.0 28307.0 38145 
3325.0 20196.0 38147 
67.0 31369.0 38189 
214.0 34272.0 38201 
-629.0 36449.0 38209 
-223.0 25906.0 38218 
-6.0 32137.0 38233 
-4538.0 28861.0 38236 
4875.0 20827.0 38241 
-368.0 39551.0 38263 
15191.0 5010.0 38265 
-303.0 41311.0 38289 
12926.0 10325.0 38291 
-12623.0 37015.0 38293 
10246.0 11781.0 38295 
-1250.0 30413.0 38297 
-5588.0 40943.0 38300 
13619.0 10482.0 38302 
-267.0 40412.0 38311 
-6793.0 44025.0 38314 
5479.0 12279.0 38318 
-4347.0 33841.0 38322 
-2780.0 23500.0 38324 
551.0 17563.0 38326 
-1046.0 17956.0 38328 
9645.0 8189.0 38331 
-14401.0 41377.0 38333 
9123.0 11238.0 38336 
-14214.0 40941.0 38338 
-607.0 18484.0 38342 
1154.0 8390.0 38350 
1303.0 35378.0 38354 
-4065.0 45248.0 38359 
382.0 20973.0 38364 
391.0 16526.0 38373 
-7849.0 25913.0 38375 
3232.0 9995.0 38379 
-4660.0 24176.0 38382 
1604.0 15468.0 38384 
-259.0 21131.0 38386 
7484.0 19489.0 38389 
-383.0 39099.0 38406 
3009.0 21343.0 38411 
-2213.0 29992.0 38413 
2953.0 12664.0 38418 
-1357.0 38715.0 38427 
3891.0 22306.0 38430 
-975.0 35121.0 38441 
4949.0 8498.0 38443 
4609.0 17504.0 38445 
-2839.0 33897.0 38450 
-2368.0 10442.0 38454 
679.0 1354.0 38459 
-143.0 6264.0 38468 
-201.0 4745.0 38488 
-40.0 938.0 38507 
22.0 304.0 38514 
-23.0 420.0 38524 
5.0 161.0 38532 
-2.0 195.0 38542 
3.0 88.0 38545 
-5.0 130.0 38553 
-24.0 62.0 38555 
-0.0 8.0 38557 
10.0 7.0 38559 
5.0 36.0 38563 
-22.0 41.0 38565 
-1.0 1.0 38566 
0.0 -0.0 38607 
-7.0 7.0 38608 
259.0 -17.0 38610 
-186.0 482.0 38612 
88.0 116.0 38614 
115.0 416.0 38616 
41.0 491.0 38618 
-64.0 561.0 38622 
56.0 275.0 38642 
-47.0 1850.0 38653 
-104.0 1130.0 38657 
-97.0 551.0 38663 
1.0 -2.0 38674 
-1.0 17.0 38678 
0.0 14.0 38684 
-0.0 16.0 38697 
-0.0 16.0 38721 
0.0 -1.0 38728 
13.0 1.0 38730 
23.0 38.0 38734 
27.0 156.0 38737 
38.0 240.0 38743 
94.0 335.0 38751 
141.0 1024.0 38768 
119.0 3738.0 38790 
-365.0 9075.0 38802 
-277.0 2676.0 38807 
100.0 1854.0 38828 
140.0 3462.0 38861 
510.0 5614.0 38869 
475.0 14943.0 38871 
-2159.0 12005.0 38874 
-147.0 5690.0 38879 
1913.0 6610.0 38884 
-931.0 14257.0 38891 
3415.0 6376.0 38895 
-637.0 20457.0 38898 
-5233.0 24704.0 38901 
77.0 8283.0 38922 
650.0 8324.0 38936 
-6700.0 24578.0 38938 
3767.0 9738.0 38944 
-4455.0 37471.0 38947 
1969.0 15588.0 38952 
-11745.0 33378.0 38954 
144.0 10829.0 38959 
-4486.0 14605.0 38961 
307.0 5601.0 38984 
-537.0 28043.0 38989 
4282.0 21297.0 38993 
-3859.0 39221.0 38998 
11074.0 16391.0 39000 
-43.0 35718.0 39027 
1145.0 23094.0 39030 
551.0 16605.0 39036 
-4200.0 23019.0 39038 
12963.0 12820.0 39040 
-6182.0 46874.0 39044 
7559.0 13049.0 39046 
-4934.0 36274.0 39048 
944.0 15121.0 39057 
-15051.0 39823.0 39059 
15129.0 9531.0 39061 
-8353.0 39453.0 39063 
-7812.0 25321.0 39065 
4961.0 6706.0 39070 
-5601.0 41004.0 39073 
4125.0 26022.0 39076 
-1894.0 44651.0 39081 
-2257.0 42306.0 39084 
-6873.0 47979.0 39087 
-2019.0 17624.0 39090 
199.0 12861.0 39106 
8641.0 11565.0 39109 
-7667.0 38952.0 39112 
4065.0 29645.0 39114 
-2994.0 36825.0 39116 
-2157.0 33577.0 39119 
6231.0 15101.0 39122 
-6865.0 35260.0 39124 
847.0 34847.0 39132 
4966.0 27153.0 39134 
462.0 38287.0 39137 
-1080.0 42118.0 39146 
-4240.0 19015.0 39148 
4079.0 10925.0 39150 
-1478.0 17393.0 39154 
10999.0 9551.0 39156 
-439.0 41486.0 39172 
10348.0 21931.0 39174 
-265.0 39761.0 39197 
2257.0 19981.0 39199 
-118.0 35386.0 39254 
-412.0 17567.0 39270 
-185.0 13275.0 39327 
-17.0 1966.0 39367 
49.0 1428.0 39400 
-266.0 2191.0 39406 
12.0 826.0 39413 
-286.0 533.0 39415 
0.0 -0.0 39479 
-2.0 2.0 39480 
9.0 -3.0 39482 
32.0 23.0 39484 
-27.0 79.0 39487 
-4.0 4.0 39488 
0.0 -1.0 39515 
0.0 14.0 39525 
0.0 15.0 39550 
-0.0 18.0 39562 
1.0 -2.0 39567 
82.0 5.0 39570 
6.0 313.0 39576 
9.0 259.0 39590 
127.0 365.0 39596 
80.0 1493.0 39620 
272.0 3536.0 39647 
53.0 5445.0 39666 
909.0 6976.0 39672 
511.0 5894.0 39678 
-622.0 11120.0 39686 
2623.0 5683.0 39690 
-2893.0 23250.0 39694 
734.0 5375.0 39700 
-1124.0 11829.0 39703 
2151.0 8229.0 39707 
-4995.0 18668.0 39709 
4408.0 7255.0 39712 
-4391.0 24896.0 39715 
707.0 15663.0 39717 
3295.0 18849.0 39720 
-1333.0 21123.0 39722 
-7543.0 20751.0 39724 
-382.0 6392.0 39730 
272.0 3689.0 39742 
1313.0 7384.0 39749 
1832.0 24758.0 39751 
-10057.0 27852.0 39753 
1645.0 8676.0 39756 
-4452.0 15368.0 39758 
391.0 11402.0 39760 
-420.0 8031.0 39767 
511.0 6805.0 39775 
428.0 7066.0 39782 
-705.0 15925.0 39786 
12514.0 13738.0 39788 
-117.0 35881.0 39812 
151.0 32184.0 39837 
2469.0 31561.0 39841 
-772.0 40847.0 39851 
-4536.0 18033.0 39853 
2946.0 4485.0 39860 
-7160.0 49958.0 39864 
1615.0 10048.0 39871 
-3725.0 27362.0 39874 
2821.0 11236.0 39881 
-16120.0 43137.0 39883 
-1151.0 19244.0 39885 
3301.0 11134.0 39888 
7616.0 20849.0 39890 
-7213.0 39185.0 39894 
502.0 11204.0 39906 
7.0 25015.0 39908 
-1720.0 22331.0 39912 
1299.0 8954.0 39923 
-800.0 44582.0 39929 
-3722.0 35857.0 39931 
5605.0 29332.0 39935 
-35.0 41944.0 39937 
-14724.0 50512.0 39939 
7582.0 21242.0 39942 
-2358.0 47396.0 39950 
2264.0 14145.0 39958 
-10302.0 40721.0 39960 
13086.0 19039.0 39962 
-9389.0 50794.0 39965 
-1125.0 32300.0 39967 
6783.0 17659.0 39970 
-12361.0 42528.0 39972 
3754.0 18587.0 39975 
-4920.0 35908.0 39979 
1100.0 20963.0 39986 
1305.0 30835.0 39992 
-49.0 23950.0 40000 
9972.0 17060.0 40002 
-5244.0 44036.0 40005 
2896.0 16968.0 40008 
798.0 39287.0 40012 
1564.0 32758.0 40019 
-496.0 34379.0 40021 
-13079.0 36296.0 40023 
1586.0 8455.0 40033 
-3428.0 50766.0 40039 
1503.0 12599.0 40043 
2304.0 18410.0 40046 
-756.0 39629.0 40057 
201.0 10552.0 40064 
11944.0 20137.0 40066 
793.0 36196.0 40068 
-1174.0 37495.0 40070 
-13935.0 36592.0 40072 
4610.0 5056.0 40077 
-13264.0 45299.0 40079 
2037.0 8210.0 40086 
-1595.0 41323.0 40095 
3647.0 12410.0 40097 
-451.0 18346.0 40099 
8303.0 14894.0 40101 
-1852.0 39846.0 40106 
-5056.0 29925.0 40108 
-187.0 12969.0 40117 
903.0 8969.0 40122 
4503.0 4914.0 40126 
-4680.0 38175.0 40130 
6765.0 4792.0 40133 
-12102.0 35552.0 40135 
4544.0 2895.0 40139 
-2085.0 32755.0 40144 
-2345.0 20176.0 40146 
5283.0 14561.0 40148 
-6249.0 20011.0 40150 
7854.0 6481.0 40152 
-9231.0 22357.0 40154 
4606.0 4771.0 40156 
-272.0 17733.0 40158 
2424.0 12398.0 40160 
-4500.0 18134.0 40162 
-132.0 10019.0 40171 
-1949.0 17294.0 40173 
1000.0 6366.0 40180 
-854.0 25730.0 40185 
-1176.0 18175.0 40187 
-337.0 14426.0 40190 
-242.0 6254.0 40198 
-17.0 5262.0 40204 
377.0 4753.0 40211 
16.0 5600.0 40227 
128.0 8673.0 40231 
-78.0 5955.0 40253 
1457.0 5588.0 40255 
-1808.0 8497.0 40258 
539.0 4839.0 40263 
-352.0 7057.0 40270 
-206.0 5260.0 40290 
-121.0 2044.0 40295 
-63.0 1243.0 40302 
-44.0 611.0 40312 
-15.0 213.0 40323 
-18.0 51.0 40326 
0.0 -1.0 40357 
-0.0 17.0 40370 
-0.0 17.0 40376 
-0.0 19.0 40394 
0.0 -1.0 40400 
19.0 0.0 40402 
24.0 29.0 40408 
52.0 157.0 40410 
71.0 236.0 40432 
85.0 1678.0 40488 
85.0 4880.0 40504 
253.0 8749.0 40533 
79.0 16199.0 40560 
155.0 12588.0 40568 
968.0 8941.0 40577 
109.0 23960.0 40626 
1746.0 16178.0 40628 
2595.0 19393.0 40630 
-929.0 31427.0 40635 
2265.0 26291.0 40639 
-1079.0 35836.0 40649 
8490.0 7159.0 40651 
-5340.0 34385.0 40654 
9030.0 15345.0 40656 
-5906.0 23581.0 40658 
4022.0 12220.0 40661 
1169.0 23690.0 40663 
-11333.0 37238.0 40665 
7862.0 4900.0 40668 
-3153.0 39745.0 40673 
8698.0 16313.0 40676 
-1172.0 40073.0 40685 
1127.0 25136.0 40689 
9887.0 11648.0 40691 
-4541.0 30722.0 40694 
-3007.0 34643.0 40697 
11854.0 19857.0 40699 
-2335.0 44416.0 40706 
14947.0 5422.0 40708 
-373.0 34648.0 40710 
-617.0 40473.0 40719 
-9193.0 33210.0 40721 
9554.0 3954.0 40724 
-311.0 40862.0 40741 
661.0 34536.0 40745 
-6646.0 38886.0 40748 
3583.0 17522.0 40752 
7394.0 12082.0 40754 
-8607.0 27168.0 40756 
3473.0 22153.0 40758 
11764.0 13964.0 40760 
-5282.0 49105.0 40765 
3159.0 7592.0 40769 
-4006.0 33309.0 40771 
7664.0 14140.0 40773 
5736.0 23569.0 40775 
-740.0 45291.0 40790 
-6402.0 20167.0 40792 
3777.0 4966.0 40798 
-9937.0 38724.0 40801 
1094.0 10408.0 40805 
6849.0 21711.0 40807 
-2610.0 43323.0 40813 
3741.0 16491.0 40815 
-342.0 24193.0 40817 
12940.0 19105.0 40819 
-2868.0 45236.0 40825 
1189.0 17919.0 40829 
2996.0 5894.0 40836 
-11597.0 41913.0 40839 
3956.0 7503.0 40842 
5737.0 29187.0 40845 
-14771.0 47744.0 40847 
5146.0 7959.0 40851 
-1003.0 43053.0 40859 
-14984.0 33412.0 40861 
1017.0 6316.0 40867 
11730.0 20632.0 40869 
-2368.0 44500.0 40876 
50.0 9504.0 40890 
12222.0 21044.0 40892 
-9003.0 46006.0 40895 
2196.0 9885.0 40899 
-6725.0 20299.0 40901 
786.0 5595.0 40912 
-5287.0 33251.0 40914 
3363.0 23592.0 40919 
-2767.0 40459.0 40924 
-4872.0 16519.0 40926 
238.0 6422.0 40939 
13793.0 7830.0 40941 
-2483.0 41628.0 40946 
637.0 29733.0 40949 
-3572.0 35035.0 40953 
9774.0 15037.0 40955 
1299.0 27380.0 40957 
-4870.0 30508.0 40959 
5010.0 19849.0 40961 
-12727.0 28973.0 40963 
574.0 6366.0 40969 
9026.0 10334.0 40971 
-6244.0 31783.0 40975 
9964.0 7714.0 40977 
-11456.0 33353.0 40979 
719.0 6444.0 40987 
71.0 22601.0 40991 
-1843.0 26426.0 40995 
-3703.0 18186.0 40997 
1521.0 3931.0 41002 
2162.0 18567.0 41004 
-6611.0 18287.0 41006 
4231.0 3722.0 41009 
1234.0 16107.0 41011 
-7528.0 21120.0 41013 
8591.0 5754.0 41015 
-166.0 19825.0 41017 
-7097.0 27323.0 41019 
5029.0 13377.0 41021 
-140.0 17622.0 41023 
-207.0 22145.0 41062 
202.0 5481.0 41065 
-349.0 8074.0 41069 
1947.0 5699.0 41072 
131.0 11396.0 41079 
-418.0 12737.0 41086 
-1929.0 7520.0 41088 
-201.0 4084.0 41097 
1192.0 3748.0 41101 
-452.0 8038.0 41109 
-33.0 2554.0 41117 
190.0 3205.0 41122 
-83.0 3529.0 41158 
-51.0 680.0 41171 
-24.0 56.0 41173 
0.0 1.0 41175 
0.0 -1.0 41197 
0.0 14.0 41213 
-0.0 19.0 41238 
2.0 -7.0 41248 
32.0 37.0 41253 
44.0 159.0 41277 
105.0 1002.0 41309 
143.0 5476.0 41497 
-21.0 36245.0 41824 
-145.0 25125.0 41916 
-157.0 10476.0 41935 
-759.0 5420.0 41940 
-25.0 1651.0 41967 
-30.0 1221.0 41992 
-31.0 359.0 42003 
-1.0 38.0 42005 
-38.0 38.0 42006 
0.0 -1.0 42036 
-0.0 15.0 42046 
-2.0 18.0 42049 
0.0 16.0 42057 
0.0 16.0 42067 
-0.0 16.0 42077 
-1.0 18.0 42084 
3.0 -6.0 42090 
61.0 18.0 42094 
42.0 333.0 42107 
53.0 672.0 42129 
139.0 2346.0 42146 
430.0 4614.0 42155 
-404.0 7161.0 42161 
136.0 8109.0 42167 
-50.0 6539.0 42175 
45.0 5125.0 42236 
2054.0 7687.0 42243 
-1033.0 20000.0 42253 
-7.0 11792.0 42289 
667.0 11937.0 42308 
4191.0 23996.0 42312 
-602.0 38580.0 42322 
3018.0 21356.0 42325 
-1170.0 38291.0 42335 
-2.0 19471.0 42339 
4951.0 11493.0 42343 
-4709.0 43350.0 42347 
-53.0 18947.0 42376 
5506.0 16148.0 42380 
-7385.0 41191.0 42384 
153.0 10206.0 42402 
-457.0 20469.0 42406 
-386.0 15394.0 42415 
547.0 9164.0 42439 
-1168.0 25754.0 42453 
2324.0 9368.0 42462 
-4993.0 45955.0 42466 
-737.0 22373.0 42470 
2856.0 18283.0 42475 
-354.0 38851.0 42478 
-5558.0 46000.0 42481 
-751.0 17363.0 42486 
2191.0 13459.0 42492 
-2919.0 45234.0 42496 
6788.0 24551.0 42500 
-940.0 46667.0 42508 
-2227.0 40725.0 42511 
-276.0 45425.0 42527 
871.0 17179.0 42541 
-4867.0 49852.0 42545 
3238.0 18822.0 42551 
-2887.0 35903.0 42556 
-833.0 26215.0 42568 
-1684.0 24851.0 42572 
878.0 16498.0 42582 
441.0 16040.0 42604 
-584.0 35281.0 42613 
1371.0 19078.0 42617 
-135.0 23448.0 42631 
397.0 29251.0 42638 
-12318.0 39996.0 42640 
10489.0 15376.0 42642 
10.0 30801.0 42667 
224.0 15274.0 42669 
-538.0 22338.0 42671 
4220.0 21459.0 42674 
-1264.0 32245.0 42688 
-347.0 7116.0 42694 
2757.0 3659.0 42698 
-463.0 24455.0 42711 
3138.0 8147.0 42714 
-1332.0 22858.0 42720 
-1056.0 10309.0 42724 
500.0 10343.0 42727 
5954.0 8774.0 42729 
-465.0 19539.0 42736 
0.0 11244.0 42738 
-2983.0 12462.0 42740 
-832.0 8932.0 42742 
844.0 5228.0 42744 
3752.0 5348.0 42746 
-4712.0 13127.0 42748 
112.0 4055.0 42754 
1356.0 4207.0 42757 
-4062.0 11941.0 42759 
1104.0 1743.0 42764 
-2916.0 11175.0 42766 
-86.0 5324.0 42768 
-88.0 4134.0 42777 
559.0 3720.0 42780 
-258.0 6107.0 42783 
-417.0 7351.0 42789 
105.0 2380.0 42796 
-99.0 4218.0 42801 
-159.0 3308.0 42811 
-120.0 2712.0 42817 
-124.0 2272.0 42826 
-90.0 1130.0 42836 
-26.0 268.0 42845 
-28.0 59.0 42847 
-5.0 5.0 42848 
0.0 -1.0 42876 
0.0 15.0 42922 
-1.0 19.0 42934 
0.0 -0.0 42943 
12.0 0.0 42945 
14.0 32.0 42950 
25.0 63.0 42954 
34.0 215.0 42963 
21.0 572.0 42976 
42.0 727.0 42979 
73.0 1164.0 42993 
109.0 1861.0 43029 
-293.0 8334.0 43038 
759.0 8141.0 43041 
2151.0 7092.0 43045 
-3358.0 21582.0 43048 
2601.0 8786.0 43051 
-5155.0 22481.0 43053 
-535.0 13744.0 43055 
-20.0 9488.0 43063 
4853.0 8964.0 43066 
-819.0 22872.0 43068 
-4850.0 22973.0 43070 
-92.0 12746.0 43073 
289.0 11538.0 43078 
198.0 14552.0 43086 
-211.0 17069.0 43093 
-452.0 12765.0 43110 
59.0 6880.0 43122 
-371.0 5426.0 43126 
985.0 5884.0 43137 
103.0 13102.0 43176 
-1606.0 25483.0 43188 
1489.0 9829.0 43194 
146.0 17917.0 43208 
-91.0 16473.0 43238 
-48.0 11192.0 43255 
-210.0 15194.0 43264 
-16.0 11270.0 43274 
259.0 14568.0 43285 
-231.0 13896.0 43311 
396.0 12384.0 43327 
-612.0 14226.0 43340 
89.0 4393.0 43355 
616.0 5928.0 43374 
-48.0 14804.0 43398 
-192.0 9675.0 43409 
-271.0 10910.0 43429 
443.0 8624.0 43445 
-243.0 14328.0 43453 
402.0 6635.0 43459 
261.0 11175.0 43471 
10370.0 12831.0 43473 
-2748.0 38909.0 43483 
31.0 15640.0 43499 
698.0 12485.0 43510 
210.0 13456.0 43524 
-236.0 13402.0 43555 
-97.0 7734.0 43601 
-64.0 4316.0 43630 
50.0 3607.0 43646 
-165.0 3608.0 43662 
-18.0 1340.0 43677 
-84.0 759.0 43683 
-36.0 158.0 43687 
-13.0 25.0 43689 
0.0 -1.0 43714 
-2.0 18.0 43716 
-0.0 16.0 43725 
-0.0 15.0 43733 
0.0 14.0 43740 
-0.0 16.0 43760 
-0.0 19.0 43777 
1.0 -2.0 43788 
-5.0 34.0 43791 
59.0 8.0 43793 
10.0 147.0 43801 
14.0 167.0 43810 
34.0 330.0 43816 
84.0 752.0 43825 
39.0 1294.0 43834 
101.0 1368.0 43852 
-9.0 2588.0 43867 
99.0 2053.0 43887 
72.0 4014.0 43899 
570.0 3191.0 43906 
1579.0 6091.0 43911 
1708.0 18385.0 43915 
-1508.0 30107.0 43930 
360.0 10665.0 43947 
-778.0 13049.0 43957 
409.0 8168.0 43969 
-540.0 11567.0 43982 
59.0 5004.0 44011 
523.0 9125.0 44024 
219.0 14543.0 44045 
-295.0 15843.0 44066 
-275.0 15109.0 44080 
-8.0 10046.0 44116 
385.0 8074.0 44128 
-20.0 7908.0 44145 
180.0 7669.0 44155 
-36.0 12338.0 44205 
156.0 9408.0 44246 
-168.0 12235.0 44273 
188.0 8285.0 44289 
44.0 7516.0 44326 
-96.0 8826.0 44386 
-169.0 3835.0 44397 
43.0 2664.0 44411 
-1.0 2254.0 44424 
-33.0 2871.0 44439 
-13.0 1876.0 44477 
-105.0 924.0 44484 
-105.0 283.0 44486 
-12.0 57.0 44488 
39.0 13.0 44490 
13.0 123.0 44505 
-10.0 278.0 44523 
-13.0 111.0 44531 
0.0 -1.0 44553 
-0.0 16.0 44573 
