6.0 0.0 3 
12.0 16.0 5 
28.0 23.0 11 
41.0 299.0 28 
73.0 493.0 59 
-49.0 3801.0 71 
445.0 1521.0 79 
3.0 6090.0 90 
2347.0 4170.0 92 
-2899.0 7041.0 94 
1724.0 544.0 98 
-381.0 10975.0 120 
622.0 4785.0 134 
-32.0 9840.0 147 
-445.0 16785.0 151 
-383.0 21126.0 161 
2585.0 14005.0 167 
-5744.0 29447.0 170 
1142.0 12786.0 179 
-2484.0 20193.0 185 
423.0 5652.0 195 
1490.0 11026.0 202 
-825.0 23232.0 210 
-3777.0 19788.0 213 
-35.0 11075.0 233 
-447.0 7141.0 239 
202.0 6255.0 261 
1519.0 16289.0 267 
3407.0 30326.0 269 
-4763.0 44963.0 275 
-156.0 20496.0 314 
473.0 19489.0 327 
-5354.0 33840.0 329 
968.0 26454.0 342 
-4025.0 38145.0 347 
-2127.0 30462.0 350 
1024.0 15748.0 358 
-484.0 24500.0 377 
760.0 22950.0 394 
766.0 35852.0 407 
-1250.0 39566.0 421 
57.0 29435.0 430 
-4816.0 47893.0 434 
1097.0 27194.0 446 
709.0 21907.0 450 
-1088.0 21264.0 459 
3255.0 7768.0 465 
-10262.0 34364.0 467 
833.0 13026.0 487 
-1388.0 35533.0 495 
-1875.0 32057.0 503 
433.0 26617.0 514 
-2083.0 44389.0 524 
-1025.0 39665.0 534 
-1031.0 35371.0 543 
-1478.0 37144.0 549 
-267.0 40399.0 579 
-674.0 40030.0 593 
1124.0 21494.0 598 
2779.0 20915.0 602 
-1448.0 21330.0 608 
-447.0 17548.0 625 
5244.0 3191.0 630 
-6661.0 42790.0 633 
-2990.0 20472.0 638 
2089.0 4599.0 647 
-1633.0 25667.0 659 
191.0 9970.0 669 
43.0 9457.0 684 
724.0 6418.0 693 
715.0 12801.0 705 
-1795.0 20043.0 710 
-785.0 12059.0 722 
-87.0 4647.0 761 
8.0 1505.0 782 
-27.0 2758.0 808 
-92.0 1581.0 824 
-18.0 136.0 829 
-31.0 65.0 831 
0.0 4.0 833 
7.0 -18.0 842 
11.0 114.0 845 
70.0 112.0 863 
22.0 1341.0 915 
67.0 2748.0 975 
58.0 8063.0 1066 
256.0 9054.0 1095 
26.0 12130.0 1146 
4.0 6700.0 1172 
283.0 12725.0 1187 
-3.0 15976.0 1265 
339.0 32996.0 1273 
-521.0 26002.0 1282 
1734.0 25550.0 1293 
1966.0 25425.0 1301 
-1930.0 31317.0 1310 
251.0 13965.0 1330 
239.0 37556.0 1338 
-523.0 37249.0 1352 
-1247.0 44008.0 1362 
-2.0 22112.0 1389 
278.0 32187.0 1396 
-2983.0 44649.0 1402 
3520.0 20148.0 1406 
-1410.0 31350.0 1412 
-250.0 18640.0 1435 
-182.0 13456.0 1494 
-23.0 1476.0 1499 
28.0 2363.0 1507 
258.0 1305.0 1515 
80.0 5077.0 1528 
43.0 5198.0 1566 
-214.0 8188.0 1599 
-29.0 1589.0 1611 
-36.0 733.0 1632 
-24.0 24.0 1633 
0.0 -1.0 1681 
-10.0 21.0 1683 
22.0 -4.0 1685 
20.0 29.0 1690 
27.0 152.0 1705 
50.0 545.0 1716 
119.0 736.0 1735 
70.0 3402.0 1748 
129.0 4813.0 1763 
-249.0 7313.0 1767 
114.0 9683.0 2016 
28.0 35631.0 2105 
5310.0 18605.0 2107 
2748.0 30921.0 2109 
-892.0 44750.0 2122 
15486.0 15025.0 2124 
-7508.0 47485.0 2127 
7668.0 12573.0 2130 
-2607.0 46024.0 2135 
-360.0 43567.0 2160 
1840.0 29200.0 2168 
-357.0 41500.0 2186 
-344.0 13166.0 2220 
-35.0 1802.0 2255 
140.0 576.0 2297 
858.0 6201.0 2318 
-1978.0 24120.0 2327 
161.0 9545.0 2341 
579.0 15566.0 2343 
-1723.0 23390.0 2346 
-5604.0 20392.0 2349 
4870.0 3001.0 2351 
-306.0 12009.0 2353 
1302.0 8960.0 2358 
-5467.0 20415.0 2360 
-147.0 16783.0 2365 
776.0 8337.0 2368 
6567.0 10179.0 2370 
-925.0 16503.0 2372 
-4635.0 22321.0 2375 
380.0 3166.0 2379 
3655.0 9098.0 2382 
-841.0 19469.0 2390 
1247.0 8420.0 2393 
3228.0 8282.0 2395 
-1584.0 18056.0 2400 
5216.0 7027.0 2402 
-452.0 17047.0 2419 
247.0 6733.0 2426 
-943.0 8187.0 2430 
760.0 2436.0 2432 
-84.0 5283.0 2477 
-74.0 1063.0 2489 
-20.0 237.0 2499 
-15.0 50.0 2502 
-7.0 7.0 2503 
0.0 -1.0 2526 
-12.0 12.0 2527 
30.0 -1.0 2529 
-15.0 91.0 2532 
186.0 0.0 2533 
41.0 127.0 2559 
109.0 868.0 2603 
140.0 6806.0 2773 
6340.0 7255.0 2775 
-6540.0 19787.0 2777 
7253.0 5018.0 2780 
-1057.0 34055.0 2785 
-1440.0 35523.0 2790 
-5065.0 19230.0 2792 
13538.0 6867.0 2794 
-684.0 36697.0 2803 
5968.0 18156.0 2805 
1338.0 24726.0 2808 
-863.0 41990.0 2821 
1253.0 24381.0 2833 
-295.0 13787.0 2843 
421.0 9754.0 2866 
-2114.0 49579.0 2875 
4893.0 12289.0 2877 
5144.0 18350.0 2879 
-5155.0 41629.0 2883 
-3152.0 21262.0 2885 
5145.0 5120.0 2889 
-7204.0 39943.0 2892 
6590.0 7412.0 2896 
-1165.0 47320.0 2906 
4783.0 19615.0 2909 
-1911.0 45498.0 2914 
-3926.0 34389.0 2916 
13710.0 14716.0 2918 
-15480.0 41915.0 2920 
561.0 10870.0 2944 
-14184.0 43600.0 2946 
-2426.0 26676.0 2949 
3031.0 19157.0 2957 
-475.0 19754.0 2965 
1100.0 24781.0 2968 
492.0 12939.0 2978 
581.0 13140.0 2992 
-7133.0 47518.0 2995 
5798.0 15274.0 2998 
-4407.0 33536.0 3004 
-158.0 11110.0 3056 
243.0 3045.0 3084 
-42.0 11151.0 3130 
2438.0 10631.0 3135 
-2411.0 35031.0 3140 
7640.0 9320.0 3142 
-6918.0 25019.0 3144 
1533.0 15865.0 3156 
-572.0 27202.0 3161 
-278.0 25294.0 3176 
1265.0 17565.0 3180 
-1577.0 14714.0 3182 
-118.0 19057.0 3186 
-3730.0 12707.0 3188 
7537.0 8958.0 3190 
-827.0 24055.0 3200 
2040.0 3823.0 3204 
-1310.0 21072.0 3210 
-230.0 6492.0 3215 
4797.0 4571.0 3218 
-346.0 19386.0 3234 
400.0 4639.0 3241 
-252.0 13306.0 3268 
938.0 2367.0 3271 
-166.0 6449.0 3293 
34.0 2799.0 3304 
-79.0 2749.0 3335 
-57.0 455.0 3340 
1.0 156.0 3343 
-30.0 134.0 3347 
-24.0 24.0 3348 
0.0 -0.0 3376 
14.0 1.0 3379 
56.0 31.0 3385 
86.0 515.0 3409 
79.0 1849.0 3453 
312.0 7302.0 3465 
-103.0 9140.0 3480 
-369.0 13735.0 3490 
468.0 5931.0 3505 
-79.0 16147.0 3517 
125.0 16252.0 3588 
415.0 10048.0 3600 
-143.0 18667.0 3608 
-3152.0 32335.0 3612 
2590.0 9114.0 3618 
-2738.0 26166.0 3624 
308.0 14275.0 3636 
170.0 12241.0 3670 
-87.0 18829.0 3704 
2911.0 13425.0 3709 
-2300.0 32226.0 3718 
549.0 13584.0 3732 
-1094.0 39921.0 3756 
444.0 16568.0 3775 
-5487.0 32804.0 3778 
8100.0 26046.0 3781 
-10352.0 51956.0 3785 
1460.0 7450.0 3798 
-2807.0 52788.0 3804 
806.0 35713.0 3807 
224.0 18510.0 3817 
-320.0 44786.0 3825 
-4249.0 41767.0 3829 
-65.0 13876.0 3860 
2243.0 15299.0 3866 
-9696.0 47841.0 3869 
1121.0 29094.0 3872 
-210.0 25011.0 3874 
-4269.0 24949.0 3876 
2019.0 15048.0 3883 
-1602.0 38694.0 3888 
-411.0 30101.0 3891 
3079.0 33965.0 3894 
-2892.0 39568.0 3901 
-5875.0 26597.0 3903 
1394.0 24747.0 3906 
3848.0 22728.0 3912 
-10940.0 44322.0 3915 
331.0 9037.0 3944 
-1346.0 39082.0 3953 
10255.0 13070.0 3955 
-6044.0 38987.0 3960 
144.0 9181.0 3966 
5123.0 19915.0 3969 
-1126.0 33851.0 3977 
2516.0 10943.0 3983 
-8912.0 26955.0 3985 
5144.0 16379.0 3988 
-4099.0 31937.0 3994 
71.0 7101.0 4012 
1183.0 14318.0 4024 
-681.0 15728.0 4038 
2352.0 8993.0 4041 
-727.0 18382.0 4047 
-361.0 20493.0 4060 
-279.0 8133.0 4083 
-68.0 3024.0 4115 
68.0 1078.0 4154 
-251.0 2589.0 4162 
-33.0 924.0 4176 
-47.0 311.0 4182 
-15.0 39.0 4185 
0.0 -2.0 4210 
44.0 45.0 4217 
53.0 387.0 4232 
24.0 1089.0 4256 
185.0 1697.0 4294 
135.0 8806.0 4500 
7212.0 13309.0 4504 
-329.0 40371.0 4526 
1658.0 18614.0 4528 
-2944.0 18800.0 4531 
3622.0 3599.0 4539 
-16485.0 39627.0 4541 
7123.0 7205.0 4544 
752.0 29606.0 4547 
-6275.0 43814.0 4551 
4473.0 4492.0 4556 
-14809.0 49249.0 4558 
4673.0 19833.0 4564 
-511.0 44046.0 4580 
-1722.0 26347.0 4582 
2214.0 15559.0 4589 
-531.0 17587.0 4591 
5525.0 2746.0 4596 
-11003.0 52513.0 4599 
9787.0 3266.0 4602 
-10578.0 36276.0 4604 
-1977.0 33687.0 4607 
1267.0 18631.0 4610 
12562.0 19100.0 4612 
-5348.0 41968.0 4615 
2671.0 27203.0 4618 
3937.0 22666.0 4621 
-331.0 43977.0 4650 
14557.0 15387.0 4652 
-514.0 41435.0 4666 
3510.0 29177.0 4670 
-80.0 40823.0 4849 
-169.0 25034.0 4989 
-53.0 1773.0 5018 
-29.0 316.0 5029 
5.0 0.0 5030 
-5.0 5.0 5031 
0.0 -1.0 5050 
21.0 3.0 5052 
29.0 34.0 5064 
33.0 386.0 5074 
77.0 510.0 5109 
154.0 3478.0 5281 
2945.0 17685.0 5284 
-370.0 29765.0 5290 
8898.0 12343.0 5292 
-10873.0 30040.0 5294 
3119.0 8174.0 5298 
-6538.0 22966.0 5300 
-1053.0 15959.0 5304 
1161.0 12178.0 5307 
6585.0 8078.0 5310 
-1344.0 38763.0 5317 
5241.0 23419.0 5320 
-299.0 37735.0 5337 
1996.0 26335.0 5342 
-84.0 30118.0 5347 
-4160.0 42979.0 5352 
9432.0 5187.0 5355 
-4380.0 42911.0 5360 
2504.0 7023.0 5364 
1983.0 15341.0 5369 
-636.0 41654.0 5384 
5778.0 13758.0 5386 
-191.0 37573.0 5403 
2223.0 12089.0 5405 
4025.0 26197.0 5409 
-204.0 39371.0 5423 
165.0 35884.0 5440 
-23.0 39342.0 5625 
-143.0 33144.0 5792 
-126.0 6761.0 5839 
-43.0 1170.0 5863 
-35.0 195.0 5868 
-3.0 19.0 5870 
-4.0 4.0 5871 
0.0 -1.0 5893 
6.0 14.0 5895 
40.0 37.0 5902 
43.0 271.0 5934 
145.0 1238.0 5990 
135.0 10587.0 6131 
-2038.0 24337.0 6135 
6506.0 10959.0 6138 
71.0 30408.0 6154 
9327.0 11485.0 6156 
-522.0 35141.0 6169 
1334.0 27619.0 6175 
-59.0 34581.0 6197 
5143.0 18418.0 6200 
-2243.0 32658.0 6205 
686.0 30539.0 6211 
-39.0 40803.0 6553 
-128.0 21560.0 6634 
-158.0 8295.0 6680 
-56.0 1477.0 6703 
-49.0 265.0 6708 
-17.0 40.0 6710 
0.0 -1.0 6738 
7.0 35.0 6740 
52.0 55.0 6745 
50.0 201.0 6769 
94.0 1708.0 6795 
558.0 3517.0 6800 
196.0 5993.0 6969 
-835.0 34681.0 6981 
-343.0 40855.0 7002 
-1251.0 27923.0 7006 
7276.0 23079.0 7009 
-440.0 44429.0 7022 
3838.0 33026.0 7026 
-119.0 48844.0 7129 
641.0 30401.0 7165 
-3133.0 39682.0 7171 
1567.0 39925.0 7178 
-1822.0 40117.0 7188 
2657.0 8766.0 7199 
-136.0 52949.0 7456 
-203.0 13122.0 7513 
-75.0 2173.0 7538 
-43.0 465.0 7548 
0.0 14.0 7550 
0.0 -1.0 7578 
73.0 12.0 7581 
14.0 191.0 7586 
70.0 188.0 7596 
81.0 751.0 7626 
218.0 2440.0 7696 
297.0 19757.0 7701 
-1280.0 22067.0 7705 
-5816.0 20013.0 7707 
992.0 11995.0 7717 
1930.0 9657.0 7722 
-1665.0 24743.0 7726 
-373.0 18594.0 7730 
5002.0 9683.0 7733 
97.0 27068.0 7821 
-8243.0 28722.0 7823 
8283.0 440.0 7826 
63.0 38357.0 7856 
-2920.0 38058.0 7859 
4856.0 7791.0 7864 
-917.0 53167.0 7879 
7430.0 6256.0 7883 
-10663.0 44686.0 7886 
-4548.0 27625.0 7888 
6018.0 2086.0 7893 
-3544.0 60868.0 7901 
18762.0 20149.0 7903 
-939.0 52351.0 7910 
-631.0 49738.0 7914 
-14562.0 58380.0 7917 
83.0 16644.0 7972 
-1419.0 63896.0 7987 
17646.0 23365.0 7989 
-3824.0 41702.0 7991 
-264.0 51640.0 8000 
-9680.0 34286.0 8002 
1897.0 31287.0 8006 
944.0 17199.0 8014 
1754.0 13842.0 8023 
-2702.0 56517.0 8028 
1245.0 42136.0 8035 
-127.0 51674.0 8291 
-260.0 15006.0 8325 
-205.0 5959.0 8335 
-198.0 4753.0 8355 
-32.0 1211.0 8379 
-50.0 355.0 8385 
13.0 23.0 8387 
-62.0 62.0 8388 
0.0 -2.0 8421 
-31.0 31.0 8422 
35.0 4.0 8424 
1.0 92.0 8432 
21.0 50.0 8434 
-104.0 104.0 8435 
45.0 24.0 8437 
78.0 58.0 8442 
-19.0 660.0 8449 
54.0 231.0 8457 
-76.0 1215.0 8464 
93.0 379.0 8470 
399.0 1473.0 8480 
122.0 4480.0 8502 
562.0 9667.0 8506 
-1155.0 15275.0 8511 
848.0 4220.0 8515 
202.0 12818.0 8535 
-618.0 13291.0 8542 
3857.0 8178.0 8544 
-1696.0 16629.0 8548 
4430.0 9159.0 8550 
-1775.0 24394.0 8555 
3538.0 13270.0 8558 
-6856.0 23413.0 8560 
1538.0 4402.0 8569 
-6333.0 27486.0 8572 
2076.0 11144.0 8575 
5849.0 9198.0 8578 
-10483.0 29101.0 8580 
2481.0 6269.0 8585 
-6583.0 24943.0 8587 
-1177.0 25310.0 8590 
2581.0 7497.0 8596 
514.0 23540.0 8598 
-447.0 20280.0 8608 
-45.0 21341.0 8611 
-2189.0 36233.0 8615 
-1338.0 19458.0 8625 
1243.0 7002.0 8637 
-133.0 42373.0 8643 
403.0 39841.0 8651 
-460.0 43279.0 8669 
1134.0 27534.0 8685 
2568.0 33504.0 8688 
-1137.0 44862.0 8695 
821.0 11168.0 8704 
-722.0 20765.0 8711 
1077.0 11197.0 8722 
-5062.0 28725.0 8725 
5471.0 10871.0 8729 
-7630.0 36965.0 8732 
6986.0 14885.0 8735 
-7915.0 51336.0 8738 
1857.0 13928.0 8746 
-922.0 51820.0 8755 
4118.0 28347.0 8761 
-2663.0 49002.0 8767 
3697.0 18798.0 8771 
-613.0 28658.0 8781 
282.0 43107.0 8796 
-321.0 39233.0 8803 
114.0 25403.0 8849 
-198.0 51489.0 8869 
4955.0 36490.0 8873 
-840.0 53992.0 8885 
-1230.0 40023.0 8888 
2418.0 33962.0 8895 
-175.0 47058.0 8918 
5036.0 29039.0 8922 
-229.0 46315.0 8961 
319.0 28569.0 8982 
-197.0 32652.0 9013 
1109.0 12683.0 9029 
-1554.0 44264.0 9035 
382.0 23536.0 9043 
-762.0 34690.0 9055 
-864.0 18183.0 9063 
-59.0 13007.0 9115 
502.0 17529.0 9125 
-443.0 23336.0 9170 
-111.0 4643.0 9185 
-82.0 3377.0 9216 
-85.0 1091.0 9229 
-6.0 16.0 9231 
0.0 -1.0 9252 
-16.0 16.0 9253 
1.0 -4.0 9265 
28.0 40.0 9267 
-31.0 108.0 9269 
83.0 -2.0 9274 
50.0 436.0 9304 
48.0 2671.0 9312 
-46.0 3018.0 9317 
385.0 3105.0 9323 
139.0 5336.0 9338 
-68.0 5828.0 9349 
1892.0 4807.0 9353 
-875.0 12090.0 9357 
690.0 7236.0 9369 
-5053.0 18217.0 9371 
158.0 5443.0 9397 
-594.0 14778.0 9412 
140.0 6154.0 9479 
679.0 16071.0 9491 
-1168.0 27748.0 9496 
1553.0 21611.0 9505 
-3761.0 44782.0 9513 
7502.0 15362.0 9516 
191.0 31863.0 9521 
818.0 33557.0 9525 
-5353.0 47781.0 9531 
211.0 19083.0 9557 
1798.0 30495.0 9562 
-9308.0 56399.0 9566 
1261.0 15359.0 9574 
4193.0 17975.0 9578 
-6017.0 39794.0 9582 
1261.0 16035.0 9594 
-9906.0 55728.0 9597 
-9733.0 45233.0 9599 
10547.0 8447.0 9602 
-1275.0 58529.0 9613 
-773.0 26329.0 9617 
1998.0 35136.0 9628 
-10733.0 40810.0 9631 
4742.0 25004.0 9635 
-3813.0 28262.0 9637 
3097.0 10147.0 9642 
893.0 48551.0 9649 
-630.0 54318.0 9663 
-556.0 19596.0 9670 
9367.0 16730.0 9673 
-3994.0 63595.0 9681 
6394.0 4480.0 9686 
-3262.0 59419.0 9694 
18786.0 4981.0 9696 
-1442.0 54281.0 9707 
10000.0 24358.0 9710 
-126.0 48545.0 9734 
-139.0 50458.0 9982 
-786.0 13248.0 9990 
42.0 5803.0 10004 
-67.0 3942.0 10053 
-44.0 1057.0 10066 
-31.0 375.0 10071 
-16.0 139.0 10077 
-32.0 67.0 10079 
0.0 3.0 10081 
0.0 -2.0 10093 
-15.0 15.0 10094 
2.0 -7.0 10105 
34.0 52.0 10112 
49.0 301.0 10141 
169.0 1052.0 10185 
143.0 11348.0 10430 
270.0 37475.0 10470 
-3.0 46817.0 10622 
-2753.0 31047.0 10625 
370.0 38430.0 10648 
-264.0 44305.0 10692 
-2733.0 34667.0 10696 
-3001.0 31842.0 10701 
112.0 32385.0 10716 
-103.0 30150.0 10747 
-362.0 24901.0 10757 
1664.0 15549.0 10766 
-2341.0 22265.0 10769 
-816.0 18793.0 10774 
-1489.0 18490.0 10784 
-292.0 5711.0 10799 
-18.0 1953.0 10818 
-57.0 1110.0 10828 
-34.0 405.0 10839 
-31.0 58.0 10841 
0.0 5.0 10843 
12.0 1.0 10845 
-5.0 29.0 10847 
20.0 18.0 10849 
2.0 61.0 10852 
1.0 42.0 10855 
-18.0 77.0 10858 
52.0 11.0 10860 
20.0 123.0 10873 
-51.0 259.0 10877 
46.0 17.0 10879 
-8.0 79.0 10884 
13.0 45.0 10886 
14.0 59.0 10889 
29.0 160.0 10896 
-31.0 261.0 10904 
-14.0 35.0 10906 
0.0 -1.0 10947 
54.0 12.0 10949 
50.0 79.0 10958 
97.0 394.0 10989 
190.0 2685.0 11065 
-44.0 18092.0 11104 
386.0 18738.0 11117 
295.0 23379.0 11129 
1752.0 26415.0 11132 
1307.0 18093.0 11141 
-1617.0 28266.0 11144 
1126.0 24067.0 11150 
-2324.0 44976.0 11156 
4265.0 27538.0 11160 
361.0 27537.0 11166 
-6057.0 38904.0 11168 
-64.0 42124.0 11173 
-1710.0 39641.0 11179 
-577.0 39324.0 11182 
1148.0 33003.0 11189 
399.0 36498.0 11202 
5989.0 25048.0 11205 
-11723.0 45503.0 11207 
10268.0 22040.0 11209 
-9789.0 42628.0 11211 
18.0 24257.0 11224 
-5204.0 31731.0 11227 
272.0 15861.0 11263 
-7125.0 46672.0 11265 
623.0 19529.0 11276 
1726.0 20775.0 11284 
2605.0 22076.0 11291 
-9181.0 47570.0 11294 
7903.0 19847.0 11297 
-11982.0 46113.0 11299 
17947.0 19324.0 11301 
-3107.0 48775.0 11303 
-24.0 49629.0 11373 
-2633.0 45207.0 11377 
8321.0 30354.0 11380 
-224.0 51237.0 11411 
13023.0 4632.0 11414 
-5941.0 52280.0 11418 
17612.0 22762.0 11420 
-5301.0 50900.0 11423 
3454.0 34337.0 11425 
1862.0 44097.0 11427 
-2729.0 53089.0 11430 
-12998.0 62758.0 11433 
555.0 25331.0 11435 
19586.0 7292.0 11437 
-2968.0 56039.0 11444 
4362.0 25376.0 11446 
1765.0 35469.0 11452 
-1887.0 36935.0 11456 
1369.0 35215.0 11460 
438.0 35215.0 11462 
4349.0 13885.0 11467 
-15040.0 56921.0 11470 
3658.0 19202.0 11473 
9149.0 32805.0 11476 
697.0 43531.0 11478 
-7092.0 59045.0 11482 
-669.0 20061.0 11490 
-13.0 18784.0 11501 
-2510.0 27095.0 11506 
17039.0 14374.0 11508 
-1890.0 49949.0 11514 
-9817.0 26437.0 11516 
19263.0 4807.0 11518 
-670.0 46192.0 11540 
14172.0 8791.0 11542 
-664.0 39642.0 11560 
6663.0 14276.0 11564 
-537.0 28751.0 11566 
-254.0 33379.0 11606 
3994.0 15709.0 11609 
-223.0 26243.0 11640 
-1132.0 11041.0 11642 
4933.0 5829.0 11645 
-1177.0 20388.0 11654 
2282.0 2817.0 11657 
863.0 9425.0 11659 
-4458.0 15369.0 11661 
2106.0 6758.0 11664 
-201.0 12261.0 11715 
-78.0 2740.0 11746 
-46.0 475.0 11756 
-33.0 33.0 11757 
0.0 -4.0 11788 
36.0 49.0 11792 
44.0 147.0 11815 
132.0 843.0 11848 
184.0 7047.0 12040 
53.0 42074.0 12178 
15611.0 10582.0 12180 
-171.0 51684.0 12206 
7649.0 33486.0 12209 
-9633.0 57326.0 12212 
16734.0 11539.0 12214 
-82.0 51844.0 12248 
380.0 46998.0 12259 
-545.0 48204.0 12266 
-728.0 51729.0 12282 
1607.0 23447.0 12284 
6763.0 4769.0 12289 
-3251.0 60334.0 12296 
18678.0 11080.0 12298 
-20341.0 47400.0 12300 
2220.0 8085.0 12309 
-2576.0 58842.0 12314 
1951.0 42830.0 12322 
-858.0 54781.0 12333 
-341.0 46758.0 12344 
-209.0 38083.0 12351 
19032.0 16683.0 12353 
-515.0 42062.0 12355 
-3904.0 54488.0 12362 
16429.0 19141.0 12364 
-197.0 41542.0 12454 
-2388.0 23329.0 12458 
921.0 13508.0 12464 
-3930.0 11932.0 12466 
3526.0 4184.0 12468 
-1173.0 13088.0 12474 
1785.0 12756.0 12479 
-237.0 17544.0 12483 
-257.0 19303.0 12547 
-101.0 3819.0 12579 
-48.0 828.0 12596 
-3.0 13.0 12598 
0.0 -1.0 12616 
-16.0 16.0 12617 
0.0 -2.0 12628 
34.0 19.0 12631 
33.0 111.0 12636 
60.0 197.0 12666 
187.0 1545.0 12723 
145.0 16366.0 12988 
-4986.0 54988.0 12992 
-9257.0 22124.0 12994 
22072.0 14458.0 12996 
-5.0 51323.0 13031 
-2645.0 26421.0 13033 
16069.0 18678.0 13035 
-2673.0 63991.0 13045 
14618.0 10231.0 13048 
-2842.0 65320.0 13057 
2542.0 8461.0 13068 
-4712.0 50967.0 13071 
-1036.0 60221.0 13083 
-1457.0 46466.0 13086 
2690.0 41856.0 13092 
-8629.0 54696.0 13097 
9899.0 30821.0 13100 
-5495.0 61180.0 13105 
19412.0 20019.0 13107 
-7257.0 53736.0 13113 
19543.0 25437.0 13115 
-1875.0 60491.0 13123 
2546.0 25139.0 13125 
-6993.0 33020.0 13127 
-20.0 32662.0 13129 
9272.0 32208.0 13132 
-189.0 50526.0 13144 
-1315.0 54309.0 13157 
377.0 25670.0 13159 
222.0 14435.0 13165 
3968.0 9127.0 13169 
-7056.0 45910.0 13172 
12987.0 5343.0 13175 
-700.0 54193.0 13196 
-3328.0 34379.0 13199 
3441.0 3377.0 13206 
-2128.0 46491.0 13209 
-7026.0 53817.0 13213 
3525.0 8848.0 13218 
-9343.0 38971.0 13220 
3156.0 9148.0 13223 
-3337.0 25566.0 13226 
5043.0 9182.0 13229 
681.0 22929.0 13233 
-734.0 39005.0 13242 
-1723.0 34347.0 13245 
-2731.0 38132.0 13250 
-4441.0 20355.0 13252 
8476.0 11741.0 13255 
-504.0 32846.0 13270 
-217.0 29651.0 13397 
-78.0 2724.0 13429 
-45.0 373.0 13437 
-18.0 30.0 13439 
0.0 -1.0 13457 
-8.0 20.0 13459 
1.0 -4.0 13470 
34.0 12.0 13477 
67.0 211.0 13508 
176.0 1691.0 13567 
140.0 16346.0 13823 
-69.0 53173.0 14134 
-220.0 24635.0 14237 
-77.0 2757.0 14269 
-52.0 435.0 14276 
-26.0 75.0 14278 
0.0 -1.0 14298 
-5.0 19.0 14301 
2.0 -7.0 14313 
44.0 40.0 14322 
74.0 327.0 14356 
200.0 2093.0 14457 
95.0 26918.0 14726 
-824.0 43202.0 14732 
3870.0 37967.0 14736 
-19520.0 55877.0 14738 
21631.0 3223.0 14740 
-19632.0 47415.0 14742 
19264.0 20221.0 14744 
-2103.0 50958.0 14747 
-2074.0 55194.0 14755 
7703.0 31356.0 14758 
-134.0 54076.0 15023 
-211.0 13809.0 15078 
-79.0 2974.0 15112 
-51.0 425.0 15120 
-37.0 37.0 15121 
0.0 -1.0 15139 
-4.0 18.0 15142 
2.0 -7.0 15155 
40.0 41.0 15172 
90.0 518.0 15202 
185.0 4594.0 15402 
-13.0 47011.0 15762 
-199.0 33900.0 15925 
-67.0 2018.0 15952 
-38.0 329.0 15958 
-56.0 119.0 15960 
-9.0 15.0 15962 
0.0 -2.0 15980 
-4.0 19.0 15984 
0.0 -1.0 15996 
26.0 3.0 15998 
43.0 43.0 16020 
116.0 731.0 16052 
182.0 6027.0 16232 
15225.0 14323.0 16234 
-502.0 41085.0 16248 
11396.0 19427.0 16250 
248.0 38913.0 16286 
-7295.0 53159.0 16290 
18600.0 16420.0 16292 
-458.0 48538.0 16303 
-727.0 48107.0 16310 
-903.0 50620.0 16319 
1905.0 37509.0 16325 
-10044.0 47517.0 16328 
8556.0 8181.0 16330 
12716.0 20792.0 16332 
-1500.0 56227.0 16340 
4336.0 28667.0 16342 
6299.0 32204.0 16344 
-12362.0 60386.0 16347 
12983.0 3739.0 16350 
-1413.0 57576.0 16363 
19288.0 19775.0 16365 
-356.0 52387.0 16378 
-1582.0 56116.0 16389 
21024.0 18415.0 16391 
-742.0 56580.0 16410 
21103.0 17312.0 16412 
-843.0 54719.0 16426 
15375.0 10439.0 16428 
-8694.0 58446.0 16432 
19312.0 19890.0 16434 
-591.0 54395.0 16448 
-1637.0 41249.0 16451 
3382.0 34802.0 16457 
-414.0 48620.0 16462 
-1364.0 52983.0 16470 
11053.0 21393.0 16472 
-11582.0 58852.0 16475 
2740.0 22451.0 16477 
10226.0 27270.0 16480 
-158.0 48765.0 16531 
3942.0 6523.0 16533 
15532.0 21076.0 16535 
-1213.0 39342.0 16537 
-2728.0 34390.0 16539 
-416.0 45107.0 16556 
3217.0 26221.0 16562 
-197.0 42111.0 16746 
-151.0 4426.0 16758 
-78.0 2310.0 16773 
-61.0 1372.0 16795 
-26.0 61.0 16797 
0.0 -0.0 16830 
-3.0 3.0 16831 
12.0 4.0 16833 
41.0 14.0 16836 
65.0 104.0 16848 
99.0 725.0 16888 
102.0 5397.0 16903 
1355.0 3122.0 16906 
507.0 6531.0 16911 
129.0 10268.0 16963 
-924.0 17777.0 16969 
-773.0 14979.0 16976 
-82.0 7666.0 16980 
4753.0 4601.0 16982 
-2198.0 13432.0 16986 
2045.0 10501.0 16997 
332.0 20225.0 16999 
17.0 31065.0 17007 
-2185.0 39025.0 17013 
926.0 22531.0 17016 
3471.0 21506.0 17024 
-3043.0 42198.0 17028 
2834.0 31662.0 17030 
-1843.0 38356.0 17045 
-4.0 17101.0 17089 
-629.0 27666.0 17107 
-2442.0 35544.0 17111 
-693.0 15844.0 17125 
2236.0 5775.0 17134 
-6923.0 41244.0 17137 
18008.0 17418.0 17139 
-10974.0 61928.0 17142 
1299.0 22782.0 17157 
3090.0 26570.0 17163 
-990.0 58596.0 17174 
-1678.0 49354.0 17180 
-13687.0 41469.0 17182 
-1181.0 23601.0 17184 
1259.0 15758.0 17196 
-1216.0 31869.0 17199 
2074.0 19701.0 17209 
-222.0 32815.0 17223 
1248.0 20850.0 17233 
-1161.0 19467.0 17245 
5189.0 2116.0 17251 
6335.0 41752.0 17253 
-4524.0 58142.0 17262 
6835.0 21109.0 17265 
2163.0 44421.0 17272 
-2614.0 47834.0 17287 
1586.0 8509.0 17302 
-4069.0 39257.0 17309 
938.0 10526.0 17327 
74.0 32657.0 17346 
398.0 27491.0 17355 
598.0 15976.0 17375 
-50.0 20340.0 17442 
-147.0 20985.0 17540 
30.0 4841.0 17581 
-73.0 4167.0 17638 
-52.0 52.0 17639 
0.0 -1.0 17662 
-4.0 21.0 17666 
0.0 -1.0 17682 
32.0 -2.0 17687 
74.0 240.0 17711 
152.0 1963.0 17770 
634.0 7451.0 17785 
-922.0 15893.0 17795 
1231.0 13352.0 17802 
-20.0 21422.0 17834 
8.0 14405.0 17836 
8094.0 14239.0 17838 
474.0 24657.0 17845 
-615.0 31787.0 17849 
-1777.0 31034.0 17853 
-1463.0 34139.0 17863 
306.0 21555.0 17872 
-1194.0 21140.0 17883 
1089.0 7594.0 17894 
1097.0 18452.0 17903 
153.0 16635.0 17929 
212.0 27294.0 17938 
1330.0 19137.0 17950 
-3888.0 59404.0 17956 
2072.0 29705.0 17960 
845.0 17176.0 17977 
-4448.0 63773.0 17982 
211.0 19449.0 18005 
-524.0 46054.0 18009 
-15610.0 51026.0 18011 
-316.0 19677.0 18037 
5272.0 11118.0 18043 
-7817.0 50459.0 18048 
1136.0 10661.0 18071 
-7109.0 54147.0 18077 
227.0 17587.0 18083 
886.0 16288.0 18105 
-6451.0 55746.0 18112 
750.0 14401.0 18128 
252.0 16308.0 18138 
5469.0 12394.0 18143 
-1849.0 53558.0 18150 
3569.0 25353.0 18155 
-2283.0 53273.0 18162 
2938.0 37778.0 18166 
-3696.0 54289.0 18172 
2793.0 25815.0 18176 
3105.0 23226.0 18181 
-4647.0 47328.0 18183 
-438.0 51370.0 18196 
942.0 21411.0 18198 
3936.0 33909.0 18200 
-7367.0 31067.0 18202 
769.0 28984.0 18205 
5650.0 23796.0 18208 
-10467.0 42738.0 18210 
10248.0 19586.0 18213 
-1395.0 44242.0 18217 
-7770.0 55411.0 18221 
3338.0 7889.0 18226 
-13798.0 31804.0 18228 
4783.0 2172.0 18234 
-5119.0 47906.0 18237 
-6053.0 47521.0 18241 
4993.0 2917.0 18245 
-1370.0 38485.0 18249 
-82.0 37132.0 18282 
302.0 27336.0 18289 
-82.0 29101.0 18338 
-201.0 23787.0 18414 
-156.0 7057.0 18452 
-54.0 1576.0 18479 
-42.0 180.0 18482 
-36.0 66.0 18484 
0.0 -1.0 18503 
-1.0 18.0 18511 
0.0 -1.0 18522 
24.0 13.0 18527 
38.0 143.0 18540 
64.0 578.0 18549 
44.0 758.0 18564 
72.0 2347.0 18571 
467.0 2616.0 18575 
72.0 4103.0 18587 
234.0 1777.0 18598 
317.0 6005.0 18607 
-1748.0 11933.0 18610 
435.0 6056.0 18613 
798.0 5451.0 18620 
-982.0 16388.0 18624 
502.0 5918.0 18636 
954.0 11964.0 18642 
-2636.0 28858.0 18646 
458.0 12873.0 18649 
222.0 21024.0 18665 
-637.0 27214.0 18676 
7986.0 3802.0 18678 
-7617.0 20446.0 18680 
923.0 4158.0 18689 
52.0 28912.0 18724 
12850.0 5145.0 18726 
107.0 35520.0 18756 
-594.0 25697.0 18761 
-325.0 40917.0 18776 
1111.0 33132.0 18781 
-9733.0 38279.0 18783 
10284.0 18916.0 18785 
1144.0 34075.0 18788 
-2173.0 46718.0 18794 
8620.0 26984.0 18797 
-10551.0 53369.0 18800 
14344.0 9473.0 18802 
-3282.0 50975.0 18807 
617.0 11324.0 18816 
4277.0 39208.0 18820 
-14716.0 50795.0 18823 
8870.0 4387.0 18827 
-4317.0 59038.0 18832 
7619.0 33827.0 18835 
-29.0 50191.0 18937 
-1256.0 34942.0 18940 
-4572.0 17681.0 18942 
16655.0 5271.0 18944 
-13459.0 38692.0 18946 
11563.0 25604.0 18949 
-5614.0 59803.0 18954 
6937.0 24098.0 18959 
-141.0 51486.0 19031 
11782.0 1906.0 19034 
-165.0 47011.0 19252 
-166.0 8042.0 19295 
-54.0 1357.0 19318 
-42.0 168.0 19322 
-11.0 11.0 19323 
0.0 -1.0 19344 
-1.0 20.0 19352 
0.0 -0.0 19367 
-2.0 2.0 19368 
20.0 4.0 19370 
36.0 51.0 19378 
18.0 279.0 19389 
53.0 801.0 19398 
-11.0 1040.0 19416 
466.0 788.0 19424 
620.0 5575.0 19430 
-125.0 9320.0 19439 
265.0 5584.0 19442 
1210.0 5989.0 19446 
-98.0 10640.0 19454 
-2556.0 6735.0 19456 
154.0 1566.0 19491 
-195.0 7121.0 19499 
5293.0 4290.0 19502 
-1.0 24361.0 19534 
513.0 1790.0 19562 
-4912.0 34608.0 19564 
-5046.0 29178.0 19568 
152.0 8242.0 19599 
1020.0 36814.0 19606 
-2183.0 44607.0 19612 
10273.0 12992.0 19614 
-9155.0 37990.0 19617 
1940.0 9275.0 19625 
-3738.0 28509.0 19630 
1180.0 8062.0 19642 
-15974.0 44869.0 19644 
1038.0 16987.0 19654 
495.0 20003.0 19692 
-1818.0 47687.0 19696 
-4193.0 51036.0 19701 
-30.0 49660.0 19770 
4739.0 36947.0 19774 
-921.0 55906.0 19794 
1874.0 19312.0 19803 
-1977.0 55459.0 19810 
-197.0 53305.0 19855 
18334.0 8474.0 19857 
-145.0 48891.0 19906 
8592.0 17353.0 19910 
-51.0 43739.0 19943 
5653.0 22861.0 19945 
-813.0 43001.0 19957 
14137.0 8711.0 19959 
-998.0 43374.0 19972 
3227.0 11286.0 19974 
6082.0 26334.0 19977 
-2324.0 44171.0 19985 
9256.0 6295.0 19987 
-4477.0 36271.0 19991 
2485.0 6224.0 19993 
10147.0 9600.0 19995 
-3532.0 36939.0 19999 
4674.0 19966.0 20002 
-4678.0 29653.0 20005 
514.0 28795.0 20009 
-6427.0 26478.0 20012 
4462.0 12872.0 20017 
-10797.0 27378.0 20019 
4362.0 3754.0 20023 
-8275.0 30586.0 20026 
328.0 6915.0 20032 
-6.0 5503.0 20038 
6859.0 11110.0 20040 
-442.0 21581.0 20046 
-910.0 19055.0 20051 
-1968.0 21567.0 20056 
6375.0 8206.0 20058 
-1214.0 22373.0 20066 
1195.0 3334.0 20072 
-3533.0 17820.0 20075 
2969.0 3346.0 20078 
-1024.0 14438.0 20084 
-330.0 12459.0 20103 
1262.0 4111.0 20106 
-1005.0 7801.0 20110 
38.0 2918.0 20117 
-5.0 1915.0 20125 
-144.0 2732.0 20132 
0.0 1191.0 20148 
-83.0 856.0 20157 
-27.0 203.0 20162 
-47.0 47.0 20163 
0.0 -1.0 20185 
-0.0 18.0 20196 
22.0 -15.0 20199 
268.0 46.0 20202 
111.0 1179.0 20210 
-132.0 1512.0 20218 
150.0 916.0 20254 
-33.0 4381.0 20272 
-18.0 3855.0 20275 
272.0 2003.0 20282 
323.0 5589.0 20290 
188.0 8155.0 20344 
601.0 15256.0 20348 
-297.0 9519.0 20357 
1408.0 12341.0 20366 
618.0 9705.0 20377 
-4072.0 26575.0 20381 
-234.0 11315.0 20411 
1671.0 1955.0 20420 
-11163.0 35917.0 20422 
70.0 7923.0 20426 
4610.0 3887.0 20430 
-8704.0 27916.0 20433 
436.0 5444.0 20448 
-223.0 12535.0 20459 
837.0 9191.0 20469 
-13719.0 43232.0 20471 
9419.0 15362.0 20474 
-1608.0 42054.0 20482 
-4944.0 26017.0 20484 
13713.0 13039.0 20486 
-1945.0 39326.0 20492 
-5358.0 25905.0 20494 
1690.0 1596.0 20504 
-28.0 38964.0 20566 
525.0 35518.0 20577 
-27.0 40620.0 20671 
374.0 35320.0 20683 
-57.0 39365.0 20780 
-57.0 30565.0 20787 
-787.0 30720.0 20795 
9488.0 8662.0 20797 
-654.0 30994.0 20810 
8048.0 7425.0 20812 
-1840.0 30187.0 20818 
1423.0 17897.0 20822 
1790.0 19507.0 20827 
-668.0 26921.0 20838 
3188.0 14576.0 20841 
-235.0 23344.0 20872 
2520.0 7307.0 20874 
-2445.0 13222.0 20877 
572.0 12287.0 20883 
6682.0 4089.0 20885 
-4547.0 16976.0 20888 
1122.0 8558.0 20890 
5024.0 5901.0 20892 
-708.0 18117.0 20900 
1019.0 9912.0 20905 
-198.0 11939.0 20909 
-1021.0 14721.0 20915 
3278.0 5794.0 20917 
-1083.0 11431.0 20922 
1031.0 6531.0 20924 
-1345.0 11918.0 20929 
63.0 2762.0 20946 
-121.0 2576.0 20960 
-4.0 2178.0 20978 
-76.0 1839.0 20990 
-88.0 668.0 20994 
-14.0 233.0 21002 
-27.0 81.0 21005 
-11.0 11.0 21006 
0.0 -1.0 21026 
-1.0 19.0 21037 
0.0 -1.0 21047 
26.0 2.0 21050 
37.0 62.0 21061 
91.0 336.0 21088 
187.0 2669.0 21157 
10.0 9168.0 21178 
669.0 9311.0 21188 
6443.0 10252.0 21190 
-31.0 24764.0 21212 
-3108.0 24401.0 21218 
2073.0 6388.0 21223 
-2215.0 22121.0 21226 
557.0 19571.0 21236 
-2154.0 25734.0 21240 
9839.0 5964.0 21242 
-369.0 21224.0 21245 
-64.0 30677.0 21267 
1752.0 14543.0 21270 
2289.0 24508.0 21273 
-8868.0 35247.0 21276 
7699.0 8719.0 21278 
-8161.0 31835.0 21280 
2371.0 5806.0 21286 
-10461.0 28391.0 21288 
3608.0 8336.0 21291 
-3591.0 20524.0 21293 
159.0 14792.0 21296 
-633.0 21957.0 21304 
-416.0 14883.0 21308 
2283.0 5767.0 21313 
2840.0 17090.0 21315 
226.0 29324.0 21326 
9902.0 10929.0 21328 
-166.0 37580.0 21339 
-5571.0 23021.0 21341 
8605.0 8027.0 21344 
-2200.0 47043.0 21352 
4852.0 21615.0 21357 
-364.0 41673.0 21375 
-5178.0 35029.0 21378 
10610.0 611.0 21381 
-97.0 41396.0 21463 
497.0 30281.0 21487 
-90.0 41874.0 21667 
33.0 16394.0 21724 
-175.0 15688.0 21804 
-235.0 2622.0 21810 
-29.0 842.0 21835 
-12.0 99.0 21843 
0.0 -1.0 21867 
-1.0 18.0 21879 
1.0 -3.0 21889 
23.0 13.0 21898 
45.0 181.0 21911 
29.0 1256.0 21922 
119.0 1395.0 21930 
2.0 2659.0 21944 
14.0 1339.0 21979 
522.0 3941.0 21995 
1863.0 6382.0 21999 
-4343.0 15768.0 22001 
1657.0 6802.0 22004 
-938.0 19829.0 22012 
663.0 6461.0 22014 
5832.0 7758.0 22016 
-6849.0 15434.0 22018 
1892.0 1632.0 22025 
-6309.0 20287.0 22027 
2071.0 5635.0 22033 
-3165.0 29630.0 22039 
7462.0 9247.0 22041 
-641.0 24925.0 22051 
4159.0 7047.0 22053 
-4132.0 20625.0 22055 
8560.0 6221.0 22057 
-677.0 27724.0 22067 
4651.0 8281.0 22070 
-5789.0 30222.0 22074 
4594.0 7447.0 22078 
-4287.0 29891.0 22083 
1078.0 6137.0 22093 
-12802.0 31258.0 22095 
497.0 7499.0 22114 
-8759.0 27564.0 22116 
12862.0 7876.0 22118 
-6029.0 32173.0 22122 
-280.0 12065.0 22133 
179.0 14267.0 22141 
6536.0 7012.0 22145 
-9621.0 48877.0 22148 
-464.0 14660.0 22161 
4026.0 7006.0 22166 
-12404.0 32073.0 22168 
300.0 8749.0 22184 
1243.0 10441.0 22192 
4295.0 24508.0 22194 
-775.0 44170.0 22207 
10882.0 5214.0 22209 
-9637.0 27431.0 22211 
3043.0 9923.0 22215 
-6853.0 33994.0 22217 
10762.0 19056.0 22220 
-16590.0 40273.0 22222 
10676.0 16755.0 22225 
-14273.0 47119.0 22227 
14833.0 18844.0 22229 
-2130.0 47889.0 22238 
9491.0 21925.0 22241 
-2428.0 41875.0 22244 
-11955.0 45437.0 22247 
3682.0 9573.0 22252 
-9915.0 40609.0 22255 
17493.0 7087.0 22257 
-9348.0 50016.0 22261 
-1183.0 27779.0 22263 
6366.0 20683.0 22268 
-1275.0 46223.0 22277 
15445.0 21352.0 22279 
-3726.0 50676.0 22284 
12.0 15977.0 22291 
3239.0 21616.0 22295 
-2186.0 42495.0 22299 
-1479.0 47543.0 22309 
9193.0 3150.0 22312 
-623.0 41602.0 22319 
-8059.0 33804.0 22321 
7542.0 211.0 22325 
-2230.0 49868.0 22333 
15449.0 8017.0 22335 
-15886.0 38393.0 22337 
3115.0 19346.0 22340 
16669.0 8448.0 22342 
-1668.0 43989.0 22347 
1016.0 37501.0 22352 
-12912.0 31874.0 22354 
5474.0 2511.0 22359 
-1798.0 44983.0 22362 
-616.0 44481.0 22378 
3990.0 2489.0 22384 
-14988.0 39021.0 22386 
13436.0 8852.0 22388 
-5772.0 47749.0 22392 
14954.0 6046.0 22394 
-10059.0 46972.0 22397 
4207.0 9462.0 22399 
610.0 28313.0 22403 
5621.0 25675.0 22406 
-13923.0 41850.0 22408 
8794.0 1726.0 22411 
-2445.0 43015.0 22417 
6584.0 21707.0 22420 
-967.0 38298.0 22427 
6534.0 16666.0 22429 
-1701.0 41179.0 22437 
3806.0 7350.0 22439 
5551.0 23193.0 22442 
-6038.0 42072.0 22446 
910.0 4173.0 22450 
12599.0 14552.0 22452 
-1437.0 37669.0 22459 
-5429.0 17812.0 22461 
-470.0 17588.0 22463 
12661.0 12316.0 22465 
-1182.0 35594.0 22475 
11900.0 11001.0 22477 
-2326.0 29053.0 22480 
-309.0 30001.0 22498 
4883.0 15505.0 22500 
-951.0 29240.0 22510 
3679.0 3622.0 22512 
4227.0 16968.0 22515 
-9899.0 29715.0 22517 
2847.0 1588.0 22522 
-1090.0 27058.0 22530 
7959.0 5194.0 22532 
-4530.0 26808.0 22535 
3293.0 13286.0 22538 
-369.0 22636.0 22558 
6477.0 3711.0 22560 
-480.0 13205.0 22562 
-544.0 18090.0 22572 
-2277.0 7870.0 22574 
5382.0 6257.0 22576 
-5761.0 13150.0 22578 
327.0 2832.0 22583 
2096.0 7381.0 22586 
-804.0 14360.0 22593 
1786.0 7127.0 22596 
-2010.0 11641.0 22599 
1269.0 1966.0 22603 
-581.0 10954.0 22610 
-1515.0 4332.0 22612 
357.0 1148.0 22617 
-1065.0 3637.0 22619 
1708.0 1407.0 22621 
-303.0 4952.0 22624 
-601.0 5186.0 22627 
-405.0 3726.0 22631 
-162.0 2718.0 22637 
-187.0 3015.0 22641 
661.0 1248.0 22643 
-93.0 2517.0 22645 
-85.0 2637.0 22672 
-48.0 516.0 22681 
-21.0 110.0 22686 
-10.0 10.0 22687 
0.0 -1.0 22708 
-0.0 19.0 22723 
0.0 -1.0 22731 
9.0 11.0 22733 
11.0 36.0 22737 
43.0 41.0 22739 
39.0 103.0 22755 
4.0 685.0 22782 
5.0 1165.0 22798 
262.0 604.0 22805 
1312.0 1440.0 22814 
-1586.0 16579.0 22820 
-1631.0 11609.0 22824 
789.0 7238.0 22827 
-2970.0 9896.0 22829 
-351.0 6023.0 22835 
3121.0 7307.0 22838 
-2249.0 16589.0 22842 
966.0 5851.0 22848 
3424.0 5152.0 22851 
-2443.0 15459.0 22854 
-486.0 9759.0 22863 
1818.0 5533.0 22869 
-2669.0 21849.0 22871 
-966.0 20975.0 22876 
-4930.0 26915.0 22880 
637.0 4821.0 22890 
-1000.0 26866.0 22895 
3952.0 18884.0 22898 
-924.0 25252.0 22904 
-1593.0 28857.0 22911 
3772.0 7306.0 22915 
-6743.0 27775.0 22918 
1795.0 6839.0 22923 
-857.0 15471.0 22934 
5192.0 5608.0 22938 
-1058.0 36724.0 22952 
-878.0 14409.0 22958 
2118.0 10905.0 22962 
719.0 10449.0 22970 
-8183.0 26605.0 22972 
1070.0 7281.0 22983 
-14346.0 33511.0 22985 
-108.0 6950.0 22998 
-78.0 8535.0 23009 
404.0 5413.0 23020 
2192.0 7710.0 23027 
2081.0 33132.0 23031 
1193.0 39606.0 23034 
1317.0 22640.0 23039 
-6978.0 42126.0 23043 
-2605.0 19857.0 23048 
5058.0 4827.0 23052 
-10722.0 35989.0 23054 
-1775.0 8145.0 23058 
516.0 1290.0 23066 
128.0 8551.0 23078 
1089.0 9168.0 23088 
-2810.0 13356.0 23092 
2181.0 1513.0 23100 
1344.0 21745.0 23113 
1562.0 25578.0 23120 
-2024.0 38893.0 23123 
-1583.0 27943.0 23126 
17097.0 10255.0 23128 
-12777.0 53882.0 23131 
13893.0 24087.0 23133 
-3065.0 50721.0 23140 
-1663.0 15403.0 23142 
1234.0 4973.0 23155 
-800.0 42099.0 23159 
-6808.0 24563.0 23161 
13674.0 9704.0 23163 
-1404.0 29036.0 23169 
-2564.0 39061.0 23172 
-3177.0 20416.0 23175 
525.0 11769.0 23188 
-873.0 39735.0 23191 
-1122.0 32188.0 23196 
-738.0 13262.0 23201 
1541.0 14944.0 23205 
-1677.0 20422.0 23212 
7041.0 5053.0 23216 
-2311.0 47789.0 23224 
-163.0 25245.0 23227 
-1873.0 18562.0 23229 
1386.0 7695.0 23239 
-4999.0 30840.0 23243 
-19.0 16759.0 23251 
1705.0 13041.0 23256 
3794.0 6917.0 23261 
-1139.0 43961.0 23267 
-6453.0 46444.0 23270 
3378.0 11165.0 23275 
-14924.0 46877.0 23277 
1036.0 6567.0 23285 
-510.0 33868.0 23290 
6882.0 13036.0 23293 
-230.0 30671.0 23295 
-890.0 31642.0 23297 
-8368.0 34324.0 23299 
1721.0 20447.0 23303 
-864.0 38202.0 23315 
1813.0 13986.0 23320 
-1510.0 23379.0 23325 
-2142.0 14153.0 23327 
669.0 4794.0 23336 
150.0 14873.0 23341 
-855.0 11518.0 23345 
2340.0 1932.0 23351 
-439.0 31329.0 23366 
210.0 7403.0 23380 
-989.0 25695.0 23388 
2258.0 14715.0 23391 
-587.0 21237.0 23396 
770.0 17867.0 23402 
-278.0 23194.0 23433 
1327.0 6696.0 23435 
590.0 9308.0 23437 
-306.0 14233.0 23459 
-541.0 6872.0 23463 
874.0 4196.0 23466 
-466.0 6369.0 23471 
41.0 2278.0 23478 
328.0 1759.0 23483 
1.0 3214.0 23490 
-211.0 4845.0 23498 
-303.0 1982.0 23504 
-7.0 327.0 23521 
-27.0 155.0 23526 
-32.0 32.0 23527 
0.0 -1.0 23549 
-0.0 18.0 23563 
0.0 -1.0 23575 
1.0 20.0 23579 
55.0 17.0 23581 
95.0 69.0 23585 
25.0 657.0 23601 
113.0 1123.0 23619 
280.0 1983.0 23627 
-166.0 5119.0 23633 
19.0 4034.0 23638 
490.0 4935.0 23643 
251.0 5607.0 23648 
-277.0 8285.0 23654 
-169.0 5383.0 23656 
313.0 2697.0 23668 
350.0 6370.0 23679 
258.0 13173.0 23685 
-1451.0 17547.0 23690 
1036.0 2836.0 23698 
-629.0 18365.0 23704 
299.0 7177.0 23727 
-94.0 20775.0 23730 
1567.0 17323.0 23735 
-1438.0 23900.0 23742 
191.0 27137.0 23755 
-2181.0 28911.0 23759 
1203.0 14357.0 23766 
25.0 17500.0 23769 
4898.0 20577.0 23771 
-247.0 22831.0 23783 
-2748.0 36268.0 23789 
3889.0 11151.0 23792 
-1606.0 24032.0 23797 
-280.0 22132.0 23804 
1479.0 10273.0 23815 
-133.0 24316.0 23824 
-326.0 30868.0 23835 
1011.0 18880.0 23842 
-6985.0 37120.0 23844 
-2112.0 36809.0 23849 
1409.0 20466.0 23851 
567.0 16306.0 23865 
-160.0 18092.0 23877 
1625.0 22439.0 23881 
-2780.0 24479.0 23888 
975.0 7362.0 23899 
76.0 9474.0 23913 
312.0 15735.0 23933 
932.0 12590.0 23951 
243.0 44449.0 23960 
-5125.0 46844.0 23964 
8239.0 8580.0 23967 
778.0 37378.0 23970 
-18780.0 43212.0 23972 
7662.0 13990.0 23974 
2337.0 34816.0 23979 
-627.0 46236.0 23994 
-2102.0 26021.0 23996 
4508.0 5071.0 24000 
-10776.0 41968.0 24002 
16287.0 18207.0 24004 
-1173.0 48810.0 24015 
1891.0 11091.0 24024 
-2254.0 53351.0 24032 
1832.0 27583.0 24037 
-643.0 31766.0 24044 
-826.0 47554.0 24059 
7448.0 23878.0 24062 
-3720.0 40934.0 24066 
6030.0 9169.0 24070 
-16230.0 41130.0 24072 
349.0 9783.0 24079 
-1642.0 27288.0 24081 
10076.0 20142.0 24083 
-5414.0 41658.0 24087 
3951.0 7049.0 24092 
-7333.0 48235.0 24095 
-893.0 14757.0 24104 
14220.0 13938.0 24106 
-6832.0 44583.0 24110 
1870.0 9901.0 24113 
-4165.0 25014.0 24115 
15482.0 14833.0 24117 
-922.0 42305.0 24127 
-758.0 31001.0 24130 
1726.0 29142.0 24137 
-1483.0 36910.0 24145 
2728.0 8112.0 24150 
-415.0 34597.0 24167 
4588.0 4365.0 24171 
-558.0 34417.0 24182 
8350.0 12611.0 24184 
-5807.0 34693.0 24188 
2356.0 4709.0 24194 
-2773.0 32756.0 24200 
3487.0 16138.0 24203 
-448.0 25268.0 24215 
170.0 12320.0 24217 
7874.0 10749.0 24219 
-5491.0 27135.0 24222 
1228.0 4363.0 24225 
1020.0 7742.0 24227 
-2654.0 10508.0 24229 
9699.0 4133.0 24231 
-1200.0 27965.0 24239 
-3644.0 11540.0 24241 
1093.0 2866.0 24248 
-617.0 19391.0 24260 
-878.0 14906.0 24267 
-425.0 4933.0 24271 
-402.0 6248.0 24275 
157.0 3885.0 24281 
-150.0 3059.0 24295 
122.0 969.0 24312 
-147.0 3067.0 24320 
-20.0 1930.0 24329 
-87.0 2254.0 24337 
-198.0 799.0 24340 
-3.0 402.0 24347 
-40.0 388.0 24355 
-18.0 106.0 24360 
-9.0 41.0 24363 
0.0 -1.0 24390 
-0.0 19.0 24408 
0.0 -1.0 24417 
22.0 14.0 24419 
23.0 21.0 24427 
41.0 423.0 24432 
10.0 376.0 24452 
77.0 790.0 24470 
214.0 2973.0 24479 
-4.0 4762.0 24485 
241.0 4397.0 24498 
123.0 3769.0 24524 
23.0 12850.0 24542 
98.0 15775.0 24572 
7534.0 8900.0 24574 
-1200.0 22930.0 24579 
476.0 13658.0 24582 
5052.0 8469.0 24584 
1397.0 16672.0 24590 
-747.0 25107.0 24599 
-331.0 19181.0 24611 
-265.0 17832.0 24633 
209.0 15118.0 24645 
1893.0 12043.0 24653 
-8144.0 48006.0 24656 
1173.0 25420.0 24660 
847.0 11980.0 24672 
-8802.0 35573.0 24675 
1080.0 9431.0 24685 
348.0 17681.0 24701 
-89.0 15080.0 24722 
1018.0 12377.0 24734 
-5772.0 45455.0 24738 
-4095.0 45945.0 24742 
15126.0 20970.0 24744 
-376.0 40030.0 24746 
-5219.0 36169.0 24751 
1663.0 13355.0 24761 
-5243.0 38786.0 24764 
7585.0 25190.0 24766 
-15809.0 50249.0 24768 
1281.0 22953.0 24771 
16669.0 4965.0 24773 
-326.0 45036.0 24800 
5737.0 4859.0 24804 
-4180.0 47252.0 24808 
-863.0 27650.0 24811 
4348.0 8983.0 24814 
-4238.0 38629.0 24817 
11294.0 19794.0 24819 
-6382.0 42279.0 24822 
-73.0 22549.0 24824 
2695.0 2557.0 24832 
-4177.0 55043.0 24838 
2791.0 6219.0 24846 
-3513.0 48915.0 24851 
-850.0 46360.0 24867 
6739.0 4968.0 24871 
-14474.0 36088.0 24873 
3868.0 7296.0 24876 
-7606.0 21167.0 24878 
752.0 8712.0 24884 
17935.0 3216.0 24886 
-1210.0 37051.0 24890 
-7726.0 49926.0 24894 
5282.0 5086.0 24899 
-14450.0 39194.0 24901 
3446.0 8503.0 24907 
-871.0 43302.0 24911 
-3238.0 47362.0 24918 
1482.0 5063.0 24929 
-1384.0 43808.0 24941 
840.0 12414.0 24943 
10456.0 11124.0 24946 
-5911.0 44475.0 24950 
4762.0 1736.0 24955 
-4543.0 45816.0 24960 
14403.0 4552.0 24962 
-14845.0 33476.0 24964 
14466.0 3879.0 24966 
-2811.0 37158.0 24972 
-676.0 36393.0 24982 
-712.0 35073.0 24989 
-245.0 29764.0 24998 
4.0 11766.0 25008 
-96.0 22639.0 25011 
-19.0 9906.0 25019 
-18.0 27203.0 25029 
-3249.0 28249.0 25032 
1600.0 19056.0 25038 
-1516.0 20313.0 25040 
-6689.0 20792.0 25043 
-100.0 2969.0 25055 
76.0 926.0 25071 
23.0 1958.0 25110 
180.0 5447.0 25131 
-149.0 9934.0 25163 
-297.0 4376.0 25170 
-70.0 2073.0 25196 
-31.0 355.0 25207 
-12.0 23.0 25209 
-2.0 2.0 25210 
0.0 -1.0 25231 
-1.0 19.0 25245 
1.0 -3.0 25254 
21.0 14.0 25256 
32.0 42.0 25272 
64.0 396.0 25304 
160.0 2233.0 25403 
1703.0 16464.0 25408 
-1222.0 22853.0 25415 
4921.0 5049.0 25418 
-882.0 23001.0 25427 
-746.0 29791.0 25436 
1415.0 12041.0 25439 
-2871.0 20063.0 25442 
950.0 13752.0 25446 
3623.0 4328.0 25450 
-8387.0 22525.0 25452 
10297.0 5071.0 25454 
-35.0 27218.0 25484 
10031.0 5376.0 25486 
58.0 29687.0 25641 
13268.0 17086.0 25643 
-644.0 40419.0 25655 
9715.0 13029.0 25657 
-15546.0 33761.0 25659 
9341.0 1123.0 25662 
-1654.0 41724.0 25668 
3173.0 28262.0 25670 
-583.0 41577.0 25687 
2469.0 22265.0 25689 
-5367.0 17420.0 25691 
16213.0 3059.0 25693 
-232.0 40245.0 25714 
-6430.0 32196.0 25716 
372.0 24660.0 25719 
9291.0 17283.0 25722 
-1217.0 43410.0 25733 
8437.0 3729.0 25736 
-111.0 38562.0 25887 
1548.0 15227.0 25890 
-1307.0 24312.0 25898 
154.0 9385.0 25903 
727.0 6153.0 25912 
-452.0 11661.0 25928 
-405.0 7290.0 25938 
-51.0 4568.0 25985 
-217.0 3715.0 26002 
-12.0 134.0 26008 
0.0 62.0 26010 
-5.0 102.0 26019 
-14.0 26.0 26021 
-2.0 2.0 26022 
0.0 -1.0 26063 
0.0 16.0 26100 
1.0 -2.0 26111 
32.0 23.0 26114 
61.0 72.0 26121 
38.0 721.0 26131 
-64.0 1158.0 26141 
-9.0 481.0 26150 
34.0 517.0 26161 
10.0 985.0 26177 
406.0 1767.0 26189 
464.0 3259.0 26198 
-349.0 10589.0 26220 
-173.0 5335.0 26234 
242.0 4833.0 26245 
46.0 5102.0 26264 
232.0 3674.0 26279 
101.0 4484.0 26309 
-198.0 9610.0 26334 
75.0 8564.0 26359 
172.0 5398.0 26381 
423.0 12546.0 26411 
645.0 17111.0 26424 
-567.0 17672.0 26442 
-161.0 10814.0 26470 
10.0 8534.0 26540 
1146.0 17293.0 26553 
-331.0 18284.0 26566 
-495.0 20425.0 26589 
407.0 4698.0 26609 
72.0 13178.0 26636 
-235.0 7655.0 26651 
-214.0 7916.0 26664 
16.0 5409.0 26689 
-37.0 4688.0 26755 
7.0 2790.0 26803 
-17.0 2022.0 26818 
-56.0 2391.0 26845 
-37.0 536.0 26855 
2.0 290.0 26867 
-18.0 230.0 26875 
-28.0 51.0 26877 
0.0 -1.0 26906 
-0.0 16.0 26950 
1.0 -2.0 26958 
17.0 16.0 26963 
-88.0 88.0 26964 
90.0 0.0 26965 
40.0 128.0 26976 
7.0 440.0 26983 
-54.0 342.0 26988 
68.0 75.0 26991 
34.0 447.0 27002 
28.0 677.0 27012 
77.0 492.0 27026 
-149.0 1623.0 27031 
186.0 1571.0 27036 
-190.0 1788.0 27042 
-78.0 1019.0 27050 
98.0 433.0 27056 
227.0 1424.0 27064 
125.0 1688.0 27083 
77.0 4282.0 27106 
30.0 4223.0 27139 
279.0 4255.0 27157 
39.0 7480.0 27183 
-253.0 13296.0 27214 
-41.0 8925.0 27260 
364.0 8914.0 27282 
209.0 8681.0 27296 
383.0 12238.0 27311 
-1249.0 34068.0 27319 
-172.0 16429.0 27335 
118.0 7599.0 27352 
-20.0 8284.0 27389 
212.0 11831.0 27411 
110.0 10773.0 27447 
104.0 11848.0 27464 
-50.0 7447.0 27506 
-152.0 6539.0 27525 
222.0 1704.0 27530 
-22.0 4444.0 27554 
-14.0 2666.0 27637 
-44.0 2636.0 27671 
14.0 913.0 27695 
-18.0 718.0 27719 
-61.0 180.0 27722 
-3.0 3.0 27723 
0.0 -1.0 27751 
0.0 16.0 27767 
-0.0 17.0 27783 
3.0 -6.0 27790 
25.0 52.0 27794 
36.0 91.0 27817 
-7.0 1055.0 27830 
55.0 480.0 27836 
50.0 1309.0 27847 
38.0 1086.0 27919 
69.0 4661.0 27978 
26.0 7538.0 28023 
99.0 7643.0 28077 
53.0 8471.0 28097 
-16.0 12627.0 28142 
56.0 6288.0 28176 
-70.0 9901.0 28214 
-188.0 11553.0 28230 
-72.0 5863.0 28259 
-17.0 5828.0 28302 
-15.0 3593.0 28332 
63.0 1744.0 28357 
-33.0 3720.0 28396 
-21.0 1160.0 28404 
153.0 816.0 28411 
98.0 3167.0 28425 
-39.0 4525.0 28506 
-46.0 1069.0 28517 
5.0 404.0 28522 
92.0 455.0 28533 
-33.0 1175.0 28558 
-25.0 229.0 28567 
-5.0 5.0 28568 
1.0 -0.0 28570 
-3.0 3.0 28571 
93.0 -30.0 28573 
12.0 268.0 28577 
-82.0 223.0 28580 
0.0 -1.0 28595 
-0.0 16.0 28613 
0.0 -1.0 28625 
9.0 25.0 28642 
116.0 77.0 28645 
23.0 405.0 28654 
100.0 587.0 28683 
381.0 6572.0 28690 
-561.0 9012.0 28701 
-83.0 6331.0 28716 
84.0 4023.0 28737 
66.0 11916.0 28741 
1154.0 7320.0 28750 
-2687.0 16628.0 28752 
-1572.0 13353.0 28754 
-1368.0 10936.0 28760 
192.0 5658.0 28773 
525.0 2716.0 28781 
771.0 9125.0 28791 
-1689.0 27390.0 28794 
-1200.0 18327.0 28799 
-1642.0 24960.0 28802 
5680.0 7085.0 28806 
-5298.0 36293.0 28812 
4809.0 5383.0 28816 
-3881.0 26722.0 28821 
1041.0 6335.0 28832 
-2188.0 22979.0 28838 
6648.0 17378.0 28842 
-1651.0 36003.0 28847 
-9372.0 37051.0 28850 
2874.0 10099.0 28856 
-2821.0 43599.0 28863 
744.0 11127.0 28885 
-9722.0 48597.0 28888 
2321.0 22445.0 28892 
1699.0 24846.0 28901 
-7861.0 29657.0 28904 
5597.0 4925.0 28908 
-10166.0 44355.0 28910 
5718.0 14338.0 28912 
-9701.0 37690.0 28914 
5435.0 2683.0 28919 
-4623.0 48810.0 28924 
12979.0 6948.0 28926 
-761.0 45070.0 28940 
16245.0 14832.0 28942 
-3836.0 47474.0 28947 
16524.0 17696.0 28949 
-1257.0 47396.0 28957 
-3408.0 36281.0 28960 
7434.0 20108.0 28964 
-3286.0 48394.0 28969 
11028.0 14782.0 28971 
-9625.0 37435.0 28974 
5339.0 4136.0 28979 
137.0 40533.0 28981 
-1830.0 51271.0 28990 
-2248.0 51625.0 28998 
6038.0 3194.0 29003 
-1534.0 53302.0 29015 
1020.0 7054.0 29024 
14402.0 15181.0 29026 
-8721.0 56698.0 29029 
-231.0 19628.0 29034 
1817.0 11565.0 29039 
2560.0 31140.0 29046 
-4353.0 50748.0 29051 
-912.0 17411.0 29053 
19004.0 17361.0 29055 
-7275.0 55003.0 29059 
851.0 15926.0 29066 
4273.0 10973.0 29073 
-2735.0 39642.0 29078 
-8376.0 42667.0 29081 
2901.0 24956.0 29087 
-2.0 33522.0 29091 
3075.0 25326.0 29095 
753.0 37114.0 29098 
1926.0 18581.0 29102 
-4561.0 47302.0 29105 
639.0 20236.0 29111 
-888.0 44265.0 29121 
2355.0 20146.0 29132 
-4239.0 38942.0 29136 
-991.0 36977.0 29141 
4202.0 16760.0 29143 
-9776.0 27984.0 29145 
3948.0 4757.0 29150 
-4559.0 44535.0 29154 
8085.0 8597.0 29157 
-10782.0 49137.0 29160 
3849.0 3764.0 29165 
813.0 29911.0 29167 
-4237.0 42985.0 29172 
14130.0 11010.0 29174 
-702.0 37647.0 29186 
755.0 27575.0 29193 
-259.0 31561.0 29218 
8782.0 12992.0 29220 
-161.0 27656.0 29281 
160.0 15736.0 29290 
-197.0 16690.0 29318 
103.0 9592.0 29326 
-663.0 11048.0 29334 
2741.0 2158.0 29336 
-137.0 7534.0 29386 
-47.0 963.0 29404 
-19.0 157.0 29411 
-39.0 39.0 29412 
0.0 -1.0 29436 
-0.0 17.0 29454 
0.0 -1.0 29464 
16.0 0.0 29466 
-8.0 44.0 29469 
60.0 21.0 29471 
69.0 89.0 29477 
65.0 724.0 29499 
80.0 1585.0 29521 
313.0 2888.0 29525 
-514.0 2878.0 29528 
203.0 1199.0 29545 
965.0 3598.0 29555 
122.0 12106.0 29646 
10050.0 9398.0 29648 
-537.0 27206.0 29656 
1283.0 22170.0 29662 
-4179.0 32462.0 29666 
2252.0 10329.0 29669 
-1684.0 21612.0 29671 
2325.0 17937.0 29673 
589.0 19021.0 29676 
7752.0 5155.0 29679 
-5774.0 40750.0 29683 
4290.0 12996.0 29686 
4738.0 22274.0 29689 
-3207.0 37305.0 29694 
13920.0 5015.0 29696 
112.0 28490.0 29698 
-4244.0 43023.0 29703 
7240.0 12166.0 29707 
1154.0 30011.0 29709 
-4735.0 37470.0 29713 
13545.0 14055.0 29715 
-613.0 37172.0 29725 
13798.0 16529.0 29727 
-113.0 29691.0 29729 
-14960.0 44771.0 29731 
15528.0 15475.0 29733 
-512.0 41160.0 29748 
4653.0 27004.0 29751 
-10122.0 38746.0 29753 
5947.0 5643.0 29757 
-783.0 33648.0 29759 
-13289.0 36774.0 29761 
1724.0 6828.0 29770 
-11364.0 52200.0 29773 
8351.0 606.0 29777 
-11422.0 51871.0 29780 
18165.0 12995.0 29782 
-3673.0 49635.0 29788 
18427.0 13363.0 29790 
-6146.0 46801.0 29794 
6870.0 4227.0 29798 
-239.0 44795.0 29829 
17712.0 13483.0 29831 
253.0 40385.0 29835 
-51.0 42482.0 29901 
3761.0 22981.0 29903 
3660.0 30250.0 29907 
-87.0 41494.0 29961 
-7038.0 22227.0 29963 
16877.0 14420.0 29965 
-16159.0 49248.0 29967 
9654.0 18245.0 29970 
-9345.0 46994.0 29973 
-461.0 12302.0 29976 
15728.0 13382.0 29978 
-4770.0 44596.0 29983 
6839.0 17898.0 29985 
1103.0 31343.0 29991 
-3037.0 41209.0 29997 
11154.0 12237.0 29999 
-6970.0 23774.0 30001 
3267.0 19783.0 30007 
-4960.0 41111.0 30012 
16536.0 5670.0 30014 
-158.0 33591.0 30053 
7190.0 2190.0 30056 
-463.0 31541.0 30073 
3323.0 9065.0 30077 
-957.0 27100.0 30084 
6793.0 4892.0 30087 
-4939.0 23460.0 30089 
-2584.0 16553.0 30091 
1732.0 8065.0 30096 
-5037.0 29182.0 30100 
1883.0 5414.0 30103 
-134.0 8846.0 30145 
-65.0 4732.0 30202 
-26.0 1370.0 30241 
-55.0 219.0 30245 
-5.0 7.0 30247 
0.0 -1.0 30274 
0.0 15.0 30287 
-1.0 21.0 30296 
0.0 -1.0 30306 
18.0 4.0 30311 
27.0 65.0 30335 
-20.0 939.0 30345 
416.0 490.0 30351 
149.0 2755.0 30395 
-1746.0 11852.0 30398 
1340.0 2346.0 30404 
-762.0 16683.0 30414 
2413.0 1432.0 30417 
333.0 15599.0 30423 
1952.0 6514.0 30429 
-1064.0 23797.0 30440 
-714.0 5986.0 30443 
4310.0 2270.0 30446 
-5281.0 16880.0 30448 
962.0 5708.0 30456 
-1000.0 25551.0 30459 
-1205.0 25936.0 30463 
2414.0 8260.0 30468 
-2494.0 28679.0 30475 
1756.0 15658.0 30479 
8412.0 13458.0 30481 
-6979.0 29544.0 30483 
1033.0 17792.0 30485 
-1826.0 24579.0 30491 
1772.0 17679.0 30499 
-20.0 28608.0 30507 
-626.0 32381.0 30516 
1400.0 25956.0 30523 
-1920.0 32936.0 30526 
-5560.0 38179.0 30529 
6096.0 10469.0 30532 
444.0 27528.0 30534 
-1077.0 39858.0 30545 
14473.0 5496.0 30547 
-4683.0 41884.0 30551 
5169.0 9959.0 30553 
-7125.0 21725.0 30555 
342.0 14463.0 30557 
13935.0 15039.0 30559 
-1777.0 41947.0 30566 
-3164.0 24243.0 30569 
16831.0 1734.0 30571 
-850.0 33531.0 30574 
-14406.0 38600.0 30576 
-1492.0 25001.0 30578 
8652.0 6955.0 30581 
-438.0 45189.0 30603 
17095.0 13818.0 30605 
-563.0 45316.0 30624 
6587.0 12482.0 30626 
-6313.0 41507.0 30629 
9139.0 2337.0 30632 
-1412.0 47066.0 30643 
19172.0 1951.0 30645 
-5019.0 50933.0 30650 
2654.0 3640.0 30657 
-556.0 46116.0 30673 
8107.0 24672.0 30676 
-1674.0 48682.0 30687 
10779.0 2026.0 30690 
-255.0 45934.0 30721 
11827.0 -837.0 30724 
-606.0 47770.0 30742 
-2405.0 24741.0 30744 
16860.0 3914.0 30746 
-993.0 46991.0 30758 
-5216.0 16006.0 30760 
11318.0 -643.0 30763 
-1326.0 48167.0 30773 
-5308.0 16506.0 30775 
13999.0 3275.0 30777 
-965.0 44034.0 30786 
8479.0 24994.0 30789 
-16911.0 38776.0 30791 
17514.0 17156.0 30793 
-6075.0 51263.0 30798 
10829.0 2465.0 30801 
-5559.0 51425.0 30806 
-82.0 13048.0 30813 
173.0 12286.0 30822 
6387.0 3915.0 30826 
-1227.0 43909.0 30838 
-2171.0 9935.0 30840 
14884.0 11890.0 30842 
-8142.0 41931.0 30845 
-1775.0 8115.0 30847 
15705.0 11017.0 30849 
-447.0 39185.0 30865 
1493.0 9362.0 30870 
-5147.0 22730.0 30873 
1553.0 7570.0 30877 
9266.0 11841.0 30879 
-8477.0 30730.0 30881 
-2299.0 17313.0 30885 
6332.0 17605.0 30888 
-673.0 33910.0 30898 
-2215.0 15732.0 30903 
470.0 6265.0 30920 
-4608.0 33418.0 30925 
-1710.0 17242.0 30928 
24.0 8209.0 30953 
137.0 4701.0 30976 
-6932.0 18639.0 30978 
1712.0 3924.0 30984 
-3178.0 18129.0 30989 
340.0 2014.0 30998 
-3837.0 9406.0 31000 
1545.0 1865.0 31004 
-2509.0 9291.0 31007 
2412.0 1448.0 31010 
-620.0 12110.0 31017 
-605.0 5979.0 31019 
-45.0 2596.0 31034 
-542.0 5433.0 31039 
992.0 1368.0 31041 
-316.0 3439.0 31045 
-120.0 3455.0 31066 
-6.0 625.0 31079 
-31.0 417.0 31091 
-5.0 15.0 31093 
0.0 -1.0 31117 
-0.0 17.0 31137 
1.0 -3.0 31148 
27.0 10.0 31152 
11.0 106.0 31154 
43.0 113.0 31185 
150.0 1097.0 31240 
137.0 10199.0 31276 
1123.0 10282.0 31278 
4359.0 12356.0 31281 
-523.0 19453.0 31284 
-2877.0 17675.0 31287 
-544.0 11206.0 31290 
-345.0 15009.0 31303 
194.0 7897.0 31313 
-691.0 11359.0 31316 
875.0 6002.0 31323 
1387.0 11077.0 31327 
3055.0 19927.0 31329 
-3403.0 24818.0 31331 
-847.0 29303.0 31341 
11981.0 8533.0 31343 
-612.0 31542.0 31355 
8981.0 5543.0 31357 
4396.0 22015.0 31359 
-1462.0 27326.0 31361 
-528.0 33474.0 31370 
4399.0 23042.0 31373 
-4667.0 25792.0 31377 
528.0 20456.0 31379 
8935.0 6763.0 31382 
-3017.0 39631.0 31386 
-14148.0 33865.0 31388 
7321.0 6833.0 31392 
-9326.0 45488.0 31395 
4405.0 15914.0 31399 
-4124.0 22258.0 31401 
4913.0 23344.0 31403 
1586.0 28788.0 31406 
-401.0 40627.0 31421 
5910.0 23674.0 31424 
-350.0 40074.0 31440 
3849.0 7275.0 31444 
-5589.0 40658.0 31447 
9604.0 4716.0 31450 
-733.0 44525.0 31463 
1394.0 20740.0 31465 
11659.0 19765.0 31467 
-3252.0 46281.0 31473 
5998.0 -520.0 31478 
-5551.0 43117.0 31482 
793.0 24942.0 31486 
-19220.0 40585.0 31488 
18101.0 14613.0 31490 
-2945.0 48670.0 31496 
14556.0 12104.0 31498 
-3373.0 42558.0 31502 
-18174.0 41358.0 31504 
11250.0 2675.0 31507 
-1912.0 49749.0 31517 
19248.0 13037.0 31519 
-391.0 46410.0 31545 
11861.0 -2096.0 31548 
-504.0 41955.0 31552 
-58.0 42051.0 31596 
2204.0 33192.0 31601 
-89.0 41184.0 31714 
13340.0 8176.0 31716 
-159.0 31234.0 31873 
-110.0 4739.0 31911 
-48.0 775.0 31925 
-29.0 135.0 31929 
-15.0 28.0 31931 
0.0 -1.0 31957 
-0.0 17.0 31979 
1.0 -2.0 31989 
16.0 10.0 31991 
26.0 31.0 31999 
48.0 179.0 32020 
123.0 850.0 32061 
48.0 6728.0 32075 
713.0 5920.0 32084 
73.0 11153.0 32101 
2061.0 7321.0 32103 
109.0 14435.0 32135 
1757.0 8400.0 32138 
409.0 16738.0 32141 
986.0 10816.0 32147 
-840.0 16331.0 32159 
1512.0 7921.0 32167 
1272.0 10393.0 32176 
-1620.0 33190.0 32184 
2440.0 15604.0 32190 
-743.0 30024.0 32199 
3481.0 14721.0 32202 
-75.0 22784.0 32216 
-1395.0 28692.0 32221 
1960.0 13454.0 32228 
-2466.0 37511.0 32232 
-2899.0 24106.0 32234 
9044.0 9643.0 32236 
-325.0 39866.0 32246 
1491.0 24273.0 32249 
-813.0 40988.0 32255 
1938.0 27465.0 32259 
-964.0 43160.0 32267 
7865.0 28674.0 32270 
-211.0 38344.0 32272 
-1868.0 46719.0 32277 
-17216.0 50608.0 32279 
449.0 11359.0 32310 
397.0 12971.0 32342 
-3674.0 29386.0 32348 
402.0 14892.0 32377 
-96.0 18665.0 32428 
-192.0 43434.0 32442 
3706.0 30821.0 32444 
-2895.0 46723.0 32449 
12618.0 16623.0 32451 
-10037.0 47020.0 32455 
3772.0 6318.0 32461 
-11096.0 37211.0 32463 
1932.0 15528.0 32471 
-3641.0 49817.0 32476 
363.0 15428.0 32491 
-2344.0 45884.0 32495 
102.0 33522.0 32499 
2333.0 19706.0 32501 
-1395.0 36569.0 32507 
8031.0 4159.0 32510 
-5826.0 44314.0 32514 
5823.0 2503.0 32518 
-1904.0 42187.0 32527 
6064.0 -917.0 32531 
-525.0 38128.0 32551 
2290.0 8008.0 32553 
2321.0 8405.0 32555 
-2465.0 24964.0 32558 
7266.0 5647.0 32561 
-2106.0 31333.0 32564 
-146.0 30423.0 32611 
2694.0 3923.0 32616 
-4017.0 31464.0 32621 
215.0 5645.0 32630 
4106.0 1726.0 32634 
-8729.0 26353.0 32636 
411.0 4119.0 32654 
-3960.0 20519.0 32657 
3216.0 12848.0 32660 
-1828.0 22982.0 32665 
-81.0 7743.0 32670 
1272.0 7548.0 32673 
-5282.0 17015.0 32675 
32.0 4880.0 32690 
-313.0 10717.0 32694 
-161.0 4922.0 32712 
-107.0 2260.0 32723 
72.0 2476.0 32727 
-36.0 2599.0 32735 
-70.0 2016.0 32759 
-31.0 467.0 32773 
-69.0 69.0 32774 
0.0 -1.0 32798 
-0.0 19.0 32820 
0.0 -1.0 32830 
21.0 1.0 32833 
27.0 49.0 32849 
46.0 474.0 32872 
262.0 862.0 32876 
62.0 2615.0 32886 
397.0 2890.0 32891 
113.0 4628.0 32901 
-100.0 7059.0 32909 
290.0 2648.0 32918 
96.0 5468.0 32933 
913.0 14344.0 32939 
-3479.0 20431.0 32942 
-114.0 5355.0 32947 
1755.0 4163.0 32954 
113.0 17859.0 33080 
4308.0 16545.0 33082 
-2624.0 28070.0 33086 
14623.0 11150.0 33088 
-7044.0 40871.0 33091 
-417.0 21121.0 33093 
14305.0 15765.0 33095 
-13484.0 43699.0 33097 
8201.0 17041.0 33100 
-226.0 38147.0 33120 
-1570.0 20694.0 33122 
6671.0 6629.0 33126 
-9258.0 44204.0 33130 
8101.0 7504.0 33133 
-1188.0 42841.0 33140 
-5769.0 23566.0 33142 
7393.0 12089.0 33145 
-78.0 40117.0 33187 
-1134.0 16854.0 33189 
4968.0 1082.0 33193 
6286.0 23050.0 33195 
-123.0 41560.0 33244 
3520.0 27539.0 33248 
-67.0 38332.0 33288 
-752.0 30277.0 33293 
2925.0 8294.0 33295 
12248.0 8870.0 33297 
-85.0 37637.0 33310 
-1197.0 41689.0 33320 
1441.0 21717.0 33322 
4995.0 20555.0 33325 
-14852.0 35493.0 33327 
1329.0 6789.0 33331 
728.0 10511.0 33334 
4955.0 24734.0 33337 
-121.0 40589.0 33515 
-218.0 15034.0 33576 
-86.0 2329.0 33600 
-47.0 444.0 33609 
-19.0 47.0 33611 
0.0 -1.0 33638 
-0.0 17.0 33665 
1.0 -2.0 33674 
34.0 1.0 33681 
43.0 177.0 33712 
157.0 1231.0 33773 
126.0 18138.0 34028 
-77.0 50149.0 34317 
-522.0 23217.0 34325 
-73.0 11147.0 34328 
1539.0 17197.0 34332 
-3810.0 23953.0 34336 
2529.0 10516.0 34338 
2202.0 15526.0 34342 
-1564.0 23724.0 34349 
719.0 6580.0 34353 
161.0 10247.0 34355 
-1842.0 15807.0 34359 
1482.0 3650.0 34362 
-593.0 14093.0 34368 
86.0 4307.0 34383 
-1412.0 8664.0 34387 
-925.0 4945.0 34390 
-132.0 2016.0 34403 
-20.0 509.0 34413 
-19.0 300.0 34420 
-10.0 138.0 34424 
33.0 99.0 34427 
-48.0 130.0 34430 
1.0 -5.0 34446 
47.0 37.0 34448 
1.0 191.0 34457 
-18.0 187.0 34461 
-40.0 72.0 34463 
1.0 -2.0 34473 
-0.0 16.0 34505 
2.0 -6.0 34517 
45.0 30.0 34537 
112.0 702.0 34569 
172.0 5948.0 34778 
20.0 41429.0 34948 
826.0 40469.0 34952 
-1942.0 40756.0 34955 
3406.0 35377.0 34959 
-88.0 45224.0 35039 
1784.0 29146.0 35052 
-158.0 39773.0 35160 
961.0 18982.0 35165 
-549.0 19899.0 35171 
-2105.0 19137.0 35177 
419.0 5985.0 35187 
-3015.0 20370.0 35190 
-413.0 10161.0 35193 
-55.0 6164.0 35223 
-1315.0 6308.0 35227 
-239.0 1396.0 35232 
-40.0 305.0 35238 
-8.0 91.0 35244 
-8.0 93.0 35249 
-34.0 34.0 35250 
0.0 -1.0 35273 
0.0 16.0 35347 
1.0 -2.0 35355 
26.0 18.0 35358 
43.0 57.0 35371 
81.0 608.0 35401 
192.0 2122.0 35418 
95.0 6342.0 35440 
-535.0 6406.0 35443 
998.0 4781.0 35445 
416.0 7325.0 35457 
215.0 10877.0 35491 
1880.0 7558.0 35493 
4201.0 9961.0 35495 
131.0 18210.0 35552 
1479.0 21957.0 35558 
7.0 32361.0 35916 
-83.0 27381.0 35974 
1978.0 11157.0 35976 
481.0 12804.0 35982 
-5127.0 19347.0 35984 
-103.0 8231.0 36002 
-319.0 18858.0 36024 
2372.0 5450.0 36028 
-177.0 12982.0 36068 
228.0 1861.0 36075 
-120.0 4823.0 36113 
-36.0 466.0 36123 
-15.0 149.0 36129 
-21.0 35.0 36131 
0.0 -1.0 36155 
0.0 16.0 36186 
-0.0 17.0 36198 
0.0 -0.0 36208 
44.0 -6.0 36210 
43.0 83.0 36215 
17.0 224.0 36229 
17.0 644.0 36247 
120.0 865.0 36269 
-28.0 6415.0 36286 
47.0 5672.0 36296 
102.0 4667.0 36333 
-176.0 5213.0 36354 
146.0 2503.0 36376 
202.0 3045.0 36403 
336.0 5901.0 36446 
640.0 29458.0 36451 
-14164.0 40035.0 36453 
238.0 11967.0 36463 
-1440.0 17789.0 36470 
13968.0 7638.0 36472 
-6462.0 45587.0 36476 
5013.0 19064.0 36479 
1144.0 31745.0 36485 
-3452.0 39722.0 36490 
9395.0 12945.0 36492 
-1853.0 34396.0 36495 
-5906.0 29415.0 36498 
6200.0 8235.0 36502 
-1711.0 44978.0 36512 
3344.0 12730.0 36515 
2951.0 22037.0 36518 
-5909.0 46836.0 36522 
1814.0 8333.0 36530 
-3402.0 40629.0 36534 
3856.0 10434.0 36539 
-12007.0 40679.0 36542 
6809.0 4027.0 36546 
-5515.0 45726.0 36550 
5235.0 10068.0 36555 
-2188.0 44543.0 36563 
1417.0 19948.0 36566 
3440.0 17721.0 36571 
-1664.0 45730.0 36579 
-592.0 29984.0 36582 
9273.0 11699.0 36584 
552.0 25497.0 36590 
-1561.0 42733.0 36600 
7663.0 10398.0 36603 
-2.0 37858.0 36667 
435.0 32434.0 36674 
-100.0 35466.0 36810 
-1591.0 14874.0 36817 
156.0 7112.0 36831 
-33.0 4694.0 36887 
-113.0 5242.0 36931 
-35.0 406.0 36941 
-12.0 76.0 36947 
2.0 -1.0 36949 
-4.0 4.0 36950 
0.0 -1.0 36983 
0.0 15.0 37008 
-0.0 16.0 37020 
0.0 16.0 37026 
-3.0 20.0 37031 
1.0 -3.0 37040 
24.0 15.0 37043 
35.0 61.0 37059 
73.0 451.0 37091 
138.0 3964.0 37301 
58.0 31599.0 37352 
-55.0 40824.0 37676 
-226.0 18242.0 37703 
2025.0 8539.0 37706 
-197.0 13093.0 37740 
119.0 5787.0 37746 
-112.0 5564.0 37787 
-22.0 1239.0 37810 
-67.0 501.0 37817 
-29.0 55.0 37819 
0.0 -1.0 37836 
0.0 15.0 37847 
-0.0 17.0 37874 
0.0 -1.0 37884 
24.0 4.0 37886 
25.0 41.0 37891 
40.0 182.0 37904 
86.0 507.0 37936 
136.0 4575.0 38136 
-764.0 32704.0 38146 
2189.0 24066.0 38151 
68.0 31751.0 38209 
641.0 23209.0 38220 
-433.0 33991.0 38235 
4023.0 17680.0 38242 
-372.0 39242.0 38263 
15191.0 5010.0 38265 
-303.0 41311.0 38289 
12926.0 10325.0 38291 
-12623.0 37015.0 38293 
10246.0 11781.0 38295 
-1250.0 30413.0 38297 
-5588.0 40943.0 38300 
13619.0 10482.0 38302 
-853.0 42612.0 38314 
5479.0 12279.0 38318 
-2509.0 31540.0 38324 
-460.0 18864.0 38328 
9645.0 8189.0 38331 
-8480.0 37430.0 38334 
2783.0 21816.0 38337 
-245.0 16638.0 38350 
-85.0 38555.0 38358 
-966.0 25495.0 38365 
167.0 17018.0 38374 
2256.0 10341.0 38379 
-1219.0 20734.0 38383 
4354.0 18991.0 38385 
-187.0 26138.0 38387 
-248.0 38108.0 38406 
3009.0 21343.0 38411 
-2213.0 29992.0 38413 
2953.0 12664.0 38418 
-1357.0 38715.0 38427 
2049.0 24376.0 38432 
-1418.0 35755.0 38441 
4949.0 8498.0 38443 
4609.0 17504.0 38445 
-2839.0 33897.0 38450 
-2368.0 10442.0 38454 
726.0 1276.0 38460 
-209.0 6503.0 38488 
-40.0 938.0 38507 
11.0 330.0 38516 
-25.0 385.0 38524 
2.0 169.0 38534 
-5.0 204.0 38542 
4.0 91.0 38551 
-25.0 112.0 38555 
-0.0 8.0 38557 
10.0 7.0 38559 
-2.0 45.0 38564 
-6.0 10.0 38566 
0.0 -0.0 38607 
-7.0 7.0 38608 
259.0 -17.0 38610 
-186.0 482.0 38612 
88.0 116.0 38614 
8.0 487.0 38617 
1.0 434.0 38626 
51.0 538.0 38652 
-129.0 1305.0 38662 
-54.0 54.0 38663 
1.0 -2.0 38674 
-1.0 17.0 38678 
-0.0 15.0 38721 
0.0 -1.0 38728 
13.0 1.0 38730 
35.0 20.0 38736 
34.0 224.0 38739 
64.0 224.0 38751 
148.0 989.0 38797 
-632.0 7236.0 38802 
-27.0 2109.0 38813 
42.0 2981.0 38829 
122.0 3779.0 38869 
-1999.0 16592.0 38872 
-101.0 6512.0 38880 
412.0 11217.0 38887 
1172.0 6779.0 38895 
-637.0 20457.0 38898 
-4179.0 23649.0 38902 
232.0 6703.0 38936 
-3957.0 22749.0 38939 
2106.0 16223.0 38947 
1969.0 15588.0 38952 
-11745.0 33378.0 38954 
144.0 10829.0 38959 
-4486.0 14605.0 38961 
307.0 5601.0 38984 
-537.0 28043.0 38989 
3051.0 22939.0 38994 
-5222.0 38995.0 38998 
5350.0 20206.0 39001 
-43.0 35671.0 39027 
1145.0 23094.0 39030 
1140.0 14327.0 39040 
-6182.0 46874.0 39044 
7559.0 13049.0 39046 
-3452.0 33798.0 39052 
4116.0 9487.0 39057 
-15051.0 39823.0 39059 
15129.0 9531.0 39061 
-8353.0 39453.0 39063 
-7812.0 25321.0 39065 
4961.0 6706.0 39070 
-5601.0 41004.0 39073 
4125.0 26022.0 39076 
-1894.0 44651.0 39081 
-2257.0 42306.0 39084 
-6873.0 47979.0 39087 
63.0 13803.0 39102 
2478.0 11692.0 39109 
-7667.0 38952.0 39112 
251.0 33801.0 39116 
-2157.0 33577.0 39119 
6231.0 15101.0 39122 
-6865.0 35260.0 39124 
-251.0 37774.0 39133 
2576.0 29845.0 39138 
-1212.0 41737.0 39146 
-2391.0 17783.0 39149 
1449.0 11482.0 39156 
-439.0 41486.0 39172 
6032.0 24808.0 39175 
-519.0 41431.0 39198 
13594.0 11802.0 39200 
-126.0 35576.0 39254 
-179.0 15908.0 39337 
25.0 1122.0 39397 
-248.0 2944.0 39407 
9.0 847.0 39413 
-286.0 533.0 39415 
0.0 -0.0 39479 
-2.0 2.0 39480 
9.0 -3.0 39482 
10.0 38.0 39485 
-22.0 44.0 39487 
-4.0 4.0 39488 
0.0 -1.0 39515 
0.0 14.0 39550 
-0.0 18.0 39562 
1.0 -2.0 39567 
82.0 5.0 39570 
-4.0 336.0 39579 
30.0 176.0 39594 
109.0 1051.0 39611 
153.0 2378.0 39629 
192.0 6874.0 39647 
152.0 4750.0 39670 
-1466.0 12836.0 39676 
1089.0 6980.0 39680 
631.0 5995.0 39690 
-2893.0 23250.0 39694 
734.0 5375.0 39700 
798.0 8912.0 39707 
-3147.0 17436.0 39710 
7281.0 7834.0 39712 
-1527.0 22032.0 39716 
2974.0 18256.0 39718 
-5129.0 30703.0 39721 
-997.0 15436.0 39723 
-481.0 7569.0 39731 
477.0 2997.0 39743 
1628.0 7441.0 39749 
-3761.0 28487.0 39752 
729.0 9778.0 39756 
-4452.0 15368.0 39758 
391.0 11402.0 39760 
-135.0 7329.0 39769 
-149.0 9465.0 39779 
3336.0 3825.0 39782 
2286.0 11938.0 39787 
-3.0 34464.0 39837 
1218.0 33368.0 39843 
-1216.0 41611.0 39851 
-2803.0 16878.0 39854 
3800.0 4013.0 39860 
-7160.0 49958.0 39864 
1615.0 10048.0 39871 
-727.0 22036.0 39880 
-1545.0 29709.0 39882 
-1010.0 18697.0 39886 
6218.0 9812.0 39890 
-5738.0 37218.0 39895 
1066.0 9193.0 39907 
-1860.0 25847.0 39916 
2143.0 10635.0 39923 
-800.0 44582.0 39929 
675.0 32925.0 39932 
-167.0 43502.0 39937 
-6414.0 44972.0 39940 
-1077.0 42913.0 39950 
1629.0 15840.0 39959 
8011.0 17795.0 39962 
-9389.0 50794.0 39965 
-3533.0 33906.0 39968 
12930.0 16246.0 39970 
-12361.0 42528.0 39972 
1763.0 21515.0 39977 
1358.0 18307.0 39992 
604.0 21932.0 40002 
-5244.0 44036.0 40005 
6689.0 13174.0 40009 
-1907.0 45971.0 40015 
-3790.0 47992.0 40020 
-2423.0 27756.0 40022 
1255.0 9413.0 40033 
-3428.0 50766.0 40039 
1503.0 12599.0 40043 
2304.0 18410.0 40046 
-756.0 39629.0 40057 
2046.0 6245.0 40065 
-2538.0 41203.0 40071 
2828.0 8167.0 40077 
-13264.0 45299.0 40079 
2037.0 8210.0 40086 
-1595.0 41323.0 40095 
3647.0 12410.0 40097 
-451.0 18346.0 40099 
8303.0 14894.0 40101 
-1110.0 38609.0 40107 
-11779.0 32506.0 40109 
62.0 11525.0 40121 
2048.0 9415.0 40126 
-4680.0 38175.0 40130 
6765.0 4792.0 40133 
-12102.0 35552.0 40135 
4544.0 2895.0 40139 
-2085.0 32755.0 40144 
-2345.0 20176.0 40146 
5283.0 14561.0 40148 
-3779.0 18364.0 40151 
-436.0 14680.0 40153 
2068.0 6087.0 40156 
-361.0 17129.0 40160 
-3007.0 17138.0 40163 
872.0 7068.0 40172 
-9118.0 23219.0 40174 
1221.0 6483.0 40180 
-854.0 25730.0 40185 
-1176.0 18175.0 40187 
-337.0 14426.0 40190 
40.0 5116.0 40209 
16.0 5932.0 40228 
-488.0 9412.0 40238 
-78.0 5416.0 40253 
1457.0 5588.0 40255 
-925.0 7614.0 40259 
-146.0 6928.0 40268 
-179.0 5334.0 40291 
-106.0 1901.0 40307 
-19.0 327.0 40323 
-18.0 51.0 40326 
0.0 -1.0 40357 
0.0 16.0 40377 
-0.0 19.0 40394 
0.0 -1.0 40400 
19.0 0.0 40402 
26.0 24.0 40410 
73.0 206.0 40459 
63.0 4309.0 40489 
171.0 4472.0 40507 
158.0 10946.0 40560 
55.0 12448.0 40576 
251.0 21854.0 40600 
41.0 27391.0 40626 
1746.0 16178.0 40628 
2595.0 19393.0 40630 
-155.0 30137.0 40636 
-718.0 35682.0 40649 
8490.0 7159.0 40651 
-5340.0 34385.0 40654 
9030.0 15345.0 40656 
-5906.0 23581.0 40658 
4022.0 12220.0 40661 
1169.0 23690.0 40663 
-11333.0 37238.0 40665 
7862.0 4900.0 40668 
-3153.0 39745.0 40673 
8698.0 16313.0 40676 
-1172.0 40073.0 40685 
1127.0 25136.0 40689 
9887.0 11648.0 40691 
-4541.0 30722.0 40694 
-3007.0 34643.0 40697 
7057.0 23055.0 40700 
-3038.0 44893.0 40706 
14947.0 5422.0 40708 
-373.0 34648.0 40710 
-1545.0 43561.0 40721 
9554.0 3954.0 40724 
-311.0 40862.0 40741 
598.0 34753.0 40747 
-8615.0 30144.0 40749 
-612.0 29496.0 40752 
7394.0 12082.0 40754 
-8607.0 27168.0 40756 
3473.0 22153.0 40758 
11764.0 13964.0 40760 
-5282.0 49105.0 40765 
3159.0 7592.0 40769 
-4006.0 33309.0 40771 
7664.0 14140.0 40773 
5736.0 23569.0 40775 
-740.0 45291.0 40790 
-6402.0 20167.0 40792 
3777.0 4966.0 40798 
-9937.0 38724.0 40801 
4157.0 6325.0 40806 
-1893.0 42345.0 40813 
3741.0 16491.0 40815 
-342.0 24193.0 40817 
7673.0 22616.0 40820 
-3796.0 45460.0 40825 
1189.0 17919.0 40829 
2996.0 5894.0 40836 
-11597.0 41913.0 40839 
3956.0 7503.0 40842 
3990.0 30934.0 40846 
-14506.0 38096.0 40848 
7661.0 8076.0 40851 
-2353.0 46650.0 40860 
685.0 6961.0 40867 
6860.0 23878.0 40870 
-2970.0 44538.0 40876 
50.0 9504.0 40890 
7093.0 24463.0 40893 
-11097.0 41662.0 40896 
712.0 12098.0 40900 
647.0 5973.0 40912 
-2171.0 31174.0 40915 
-516.0 36109.0 40924 
-4872.0 16519.0 40926 
962.0 3076.0 40941 
-1471.0 39942.0 40947 
-2741.0 38452.0 40953 
9774.0 15037.0 40955 
-368.0 26985.0 40961 
-12727.0 28973.0 40963 
574.0 6366.0 40969 
9026.0 10334.0 40971 
-6244.0 31783.0 40975 
9964.0 7714.0 40977 
-8704.0 31518.0 40980 
957.0 6054.0 40987 
-296.0 23994.0 40995 
-3703.0 18186.0 40997 
1521.0 3931.0 41002 
-2888.0 21934.0 41005 
2485.0 4729.0 41009 
1234.0 16107.0 41011 
-7528.0 21120.0 41013 
8591.0 5754.0 41015 
-166.0 19825.0 41017 
-1811.0 23799.0 41020 
-1907.0 21885.0 41023 
-207.0 22145.0 41062 
202.0 5481.0 41065 
-349.0 8074.0 41069 
1947.0 5699.0 41072 
-101.0 12250.0 41086 
-1143.0 6997.0 41089 
-31.0 3395.0 41098 
155.0 6570.0 41104 
-709.0 7372.0 41112 
12.0 2912.0 41133 
-70.0 2458.0 41165 
-40.0 292.0 41172 
-48.0 48.0 41173 
0.0 1.0 41175 
0.0 -1.0 41197 
-0.0 16.0 41238 
2.0 -7.0 41248 
34.0 32.0 41258 
57.0 256.0 41291 
140.0 3036.0 41519 
-41.0 38469.0 41872 
-186.0 19011.0 41936 
-297.0 3669.0 41945 
-16.0 1414.0 41989 
-39.0 516.0 42001 
-11.0 69.0 42005 
-38.0 38.0 42006 
0.0 -1.0 42036 
-0.0 15.0 42048 
1.0 13.0 42057 
-0.0 17.0 42084 
3.0 -6.0 42090 
61.0 18.0 42094 
35.0 367.0 42112 
94.0 623.0 42132 
180.0 2517.0 42149 
-102.0 7391.0 42158 
544.0 4901.0 42167 
45.0 5086.0 42239 
954.0 14550.0 42245 
29.0 11761.0 42298 
981.0 16438.0 42309 
-216.0 36848.0 42322 
3018.0 21356.0 42325 
-1170.0 38291.0 42335 
1146.0 16405.0 42343 
-4709.0 43350.0 42347 
65.0 17750.0 42379 
-4583.0 39549.0 42383 
206.0 10201.0 42403 
-330.0 17852.0 42426 
492.0 15258.0 42445 
335.0 12467.0 42459 
4925.0 19793.0 42462 
-3890.0 44128.0 42468 
2480.0 16907.0 42476 
-2107.0 43117.0 42481 
439.0 14711.0 42491 
594.0 35271.0 42496 
6788.0 24551.0 42500 
-1440.0 48270.0 42510 
4311.0 30055.0 42514 
-528.0 46704.0 42527 
871.0 17179.0 42541 
-3146.0 45788.0 42549 
-750.0 31927.0 42569 
97.0 20582.0 42580 
261.0 18137.0 42604 
-584.0 35281.0 42613 
220.0 20573.0 42632 
-1023.0 33476.0 42640 
10489.0 15376.0 42642 
10.0 30801.0 42667 
5108.0 12019.0 42670 
299.0 26733.0 42672 
-1197.0 34026.0 42688 
585.0 4561.0 42698 
-463.0 24455.0 42711 
3138.0 8147.0 42714 
-1332.0 22858.0 42720 
-155.0 9107.0 42725 
-2246.0 14504.0 42727 
3570.0 10363.0 42730 
-1297.0 20963.0 42737 
334.0 8933.0 42739 
-157.0 8188.0 42742 
1828.0 3948.0 42746 
-4712.0 13127.0 42748 
32.0 4214.0 42755 
3593.0 2580.0 42757 
-3121.0 11314.0 42760 
1464.0 1886.0 42764 
-1542.0 10259.0 42767 
-214.0 5108.0 42777 
559.0 3720.0 42780 
-258.0 6107.0 42783 
-417.0 7351.0 42789 
105.0 2380.0 42796 
-180.0 4361.0 42811 
-76.0 2620.0 42819 
-105.0 1931.0 42835 
-29.0 315.0 42845 
-28.0 59.0 42847 
-5.0 5.0 42848 
0.0 -1.0 42876 
0.0 16.0 42934 
0.0 -0.0 42943 
12.0 0.0 42945 
10.0 39.0 42951 
47.0 53.0 42957 
24.0 386.0 42980 
52.0 1366.0 42995 
109.0 2088.0 43029 
122.0 7009.0 43040 
1045.0 8997.0 43045 
-962.0 17858.0 43051 
-1134.0 19801.0 43054 
-4710.0 18206.0 43056 
428.0 8453.0 43065 
1795.0 17592.0 43068 
-1934.0 19828.0 43073 
254.0 12350.0 43093 
-280.0 11655.0 43116 
-381.0 8525.0 43127 
605.0 8493.0 43141 
154.0 12615.0 43183 
-617.0 11629.0 43189 
464.0 13747.0 43196 
-232.0 20559.0 43211 
-116.0 16167.0 43258 
-193.0 14398.0 43276 
-256.0 16909.0 43312 
334.0 13395.0 43327 
-574.0 13989.0 43345 
354.0 3417.0 43365 
-63.0 15431.0 43399 
81.0 8279.0 43411 
-255.0 10430.0 43430 
220.0 10502.0 43452 
-593.0 9865.0 43458 
839.0 7981.0 43473 
-2431.0 37851.0 43484 
55.0 15269.0 43507 
-185.0 16663.0 43575 
-39.0 5069.0 43635 
-129.0 4829.0 43666 
-53.0 1483.0 43678 
-76.0 646.0 43683 
-36.0 158.0 43687 
-13.0 25.0 43689 
0.0 -1.0 43714 
0.0 15.0 43740 
-0.0 17.0 43777 
1.0 -2.0 43788 
-5.0 34.0 43791 
59.0 8.0 43793 
7.0 154.0 43802 
22.0 156.0 43811 
77.0 278.0 43818 
48.0 970.0 43845 
3.0 2602.0 43880 
85.0 3416.0 43906 
1579.0 6091.0 43911 
208.0 22523.0 43922 
-138.0 13653.0 43938 
-530.0 17271.0 43959 
-132.0 11632.0 43976 
62.0 5009.0 44014 
139.0 13258.0 44050 
-45.0 12930.0 44083 
3.0 9872.0 44124 
-555.0 12510.0 44135 
171.0 6593.0 44161 
-23.0 12009.0 44224 
-109.0 14775.0 44285 
-42.0 9424.0 44366 
-55.0 4476.0 44404 
-41.0 3060.0 44427 
-42.0 2796.0 44466 
-71.0 1913.0 44478 
-87.0 760.0 44486 
-12.0 57.0 44488 
39.0 13.0 44490 
10.0 137.0 44507 
-10.0 262.0 44531 
0.0 -1.0 44553 
-0.0 16.0 44573 
